# see "template_together()" in core.py; columns are mu1 mu2 mu3 nu4 nu5 nu6 zeta1 zeta2
4.935667252536227873e-02 4.573214527859833373e-02 -1.692908790180871386e-03 -2.817805051431457666e-04 -1.473641204791603090e-03 -1.859921921302600673e-03 6.978454060837100196e-07 3.587136697676497898e-01 1.614554800445329619e+01
2.521366661370596715e-02 -3.215901907433919155e-02 -1.191702777277181633e-03 -3.519638078808286458e-04 -2.601532202832564263e-03 -1.428708636520029931e-03 1.269300872537086920e-06 2.511689515430042263e-01 -1.055040201693367941e+01
3.848136873574663913e-02 -6.605682360052997706e-03 -2.357067167587461719e-03 -3.836932687771559144e-04 -2.515390306394109030e-03 -2.560353202728806420e-03 1.294700777399290305e-06 5.446411031068194575e-01 -2.319684261406885284e+01
7.476088263824275104e-02 1.306887292610342532e-01 -2.844490256281643776e-03 -5.095527805957770660e-04 -1.940089523256946762e-03 -3.679392906005710638e-03 1.833589572603492743e-06 4.927718616780707439e-01 -3.023118586643413863e+01
3.131258863129073033e-02 -1.425564108981122041e-02 -1.172106810633139406e-03 -1.823728945922629876e-04 -1.713813987240613056e-03 -1.777973002864752673e-03 1.168676479254093836e-06 2.063280848054117045e-01 -1.588007808235024676e+01
-3.311083306004801614e-03 -1.234335101637502874e-01 -2.026718705563647057e-04 -2.290191978228072725e-04 -2.659562759281708551e-03 -6.608073335312755325e-04 9.850592466159654021e-07 2.034453586610271425e-01 -5.214224121039109150e+00
2.961573423646007147e-02 -6.640141866332213705e-02 -3.059069505833623991e-04 -1.043992255054474193e-04 -2.955875357838636495e-03 -1.332186961343925595e-04 2.318707531682479571e-07 2.496001939498577737e-01 2.150480199521235036e+00
9.678153982725850452e-03 4.336530986937231491e-03 -5.499545766317666005e-04 -2.097926555634377496e-04 -1.472508657383919412e-03 -7.777040583133516989e-04 2.298206488036870394e-07 1.929927442056608711e-01 -4.656852499639606791e+00
4.144781800481999595e-02 8.748622462177009507e-03 -7.882416802067800793e-04 -7.556363472245641920e-05 -1.090670775869248587e-03 -5.164117527398685240e-04 4.476717842744795417e-07 2.093210264384756936e-01 -2.165464298375427532e+00
-1.203886223673730424e-02 -1.545929186067952488e-01 6.079992615937253233e-04 -2.890601523739353557e-04 -3.907776842668679584e-03 5.499034166587755392e-04 1.898648105408388921e-06 -8.751906266927039768e-03 1.027854369062634987e+01
4.674639891879554809e-02 -2.905231915140652280e-02 -4.401705982247178998e-04 -3.897033530734535364e-04 -3.627103494379718164e-03 -6.094336405329768558e-04 2.066380847185091847e-06 4.300917806914936192e-02 2.185365266472726553e+00
4.290911186366038604e-02 1.855482817880952165e-02 -9.140762051970685326e-04 -1.080696549736428385e-04 -1.448404271269697601e-03 -8.955927259622736532e-04 1.242387995641824528e-06 1.346231554918618789e-01 -6.047453868198985560e+00
3.489174096963163635e-02 6.062619102698789397e-02 -1.888140483493500185e-03 -2.828568280599181098e-04 -1.339907345626800174e-03 -1.578544253095785516e-03 1.841138354181892112e-06 2.109383832065099551e-01 -1.105235588097980859e+01
1.973019495465540285e-02 -5.539225005079861236e-02 -1.781642333752099039e-03 -2.249758935231238241e-04 -2.441605007959970260e-03 -7.716479862960611870e-04 1.846862715645496079e-06 2.066858458059705472e-01 -2.547984315067572059e+00
4.101472951403370426e-02 -9.376845113648554775e-02 -3.767239395283995557e-03 -4.111091852144745052e-04 -2.860758290318577042e-03 -2.576644717168080460e-03 2.774836913122717349e-06 4.120303111776428273e-01 -2.208652664604609228e+01
1.669437739296794065e-01 6.656389902885584409e-01 -4.466278037679381925e-03 -1.205207852501490430e-03 2.044919326874341040e-03 -4.278473966452332744e-03 4.740994548388734897e-06 1.441202698419464523e-01 -1.741458272777284222e+01
3.270771012939424627e-02 2.315135591226471362e-02 -1.659012252755842371e-03 -2.709925956527810698e-04 -1.806909790169266596e-03 -1.845966776378557463e-03 1.592698952535575992e-06 2.989019665243799473e-01 -1.530913015726345883e+01
4.780283900385898926e-02 -8.130529010159634473e-03 -2.038938640653162587e-03 -3.214841865786977233e-04 -2.255388665654502970e-03 -1.434638270027258165e-03 1.010304087784865801e-06 3.061653480786482029e-01 -9.223602537329526285e+00
7.853319596699926547e-03 -8.462516929433931689e-02 -1.180457942223263595e-03 -2.308525466554687264e-04 -2.675931124005201823e-03 -8.688148937571658036e-04 2.080956691346875008e-06 1.227145429348879407e-01 -5.955650292245393551e+00
2.658956634020526871e-02 3.749094036713418454e-03 -1.457073979224422604e-03 -2.400020973178195035e-04 -1.499178734652774478e-03 -1.391214968064011541e-03 8.530447508746193738e-07 3.118610134631761288e-01 -1.097990916626727653e+01
6.431605958433010001e-03 -1.550777687157171292e-01 -4.660255684716676453e-04 -2.414823022860008330e-05 -4.095620138034747164e-03 -9.243322394359851574e-05 1.486208054177792904e-06 1.740272805750315843e-01 -2.485820301506926899e-01
3.215598102647935358e-02 -1.017307052688922464e-01 -1.228994535922770101e-03 -2.959129547844404295e-04 -4.019415895611189518e-03 -1.059761156163467350e-03 1.829212680158203560e-06 9.856751412399900047e-02 -7.398788198875214661e+00
9.290277237641053620e-02 -1.329239023353621374e-01 -2.198614993141506744e-03 -4.559072918420336911e-04 -3.787162721802485570e-03 -2.074144096616852527e-03 3.055360781883706865e-06 1.860656743469184249e-02 -2.021392075571185742e+01
4.181891493611147870e-02 -7.270020535032913067e-02 1.745800167928863078e-04 -2.934726079410745147e-04 -4.180623366795501589e-03 -4.299985241020602114e-04 1.056344930025185345e-06 1.179229640171257920e-01 1.414152726004695326e+00
4.592661252469895650e-02 -9.045711654052013273e-02 1.730466707126727130e-03 -3.525733122302867782e-04 -5.912639175802549517e-03 8.402755292870329584e-04 2.236438832515915200e-06 -2.194540652376363865e-01 1.770242913768831627e+01
2.028397537739257475e-02 -7.190473361694589560e-02 3.088939050740920869e-04 -6.292545700933605294e-05 -6.043316175564530761e-03 1.507851490444657211e-04 1.623316976968715526e-06 6.189061841325733948e-02 9.030742104077488008e+00
6.088723667586891895e-03 -2.690089799136186621e-01 1.238824709939114572e-03 -3.436259582750994263e-04 -6.588124362542161112e-03 1.844331546427156829e-03 3.103149392374672751e-06 -2.279207375249453840e-02 2.634572465068353253e+01
-6.688511486493728397e-03 -1.225618368565676436e-01 -7.695792420120018545e-04 -1.753012281901399820e-04 -4.366816642230925485e-03 7.260839390319508916e-05 1.145639697462861359e-06 2.790178474602392766e-01 5.714114879943429592e+00
1.841143611822294510e-02 -3.672790638636289628e-01 9.763651653024323128e-04 -1.204788250478094441e-04 -6.887361829309179319e-03 1.810319014574680993e-03 7.690013428056754666e-07 3.452244175385561498e-01 2.560692126486040010e+01
5.537997001407085618e-02 -1.479599366789883241e-01 2.013983883633066897e-03 -6.484818697963969222e-04 -1.013285254127241006e-02 4.492002861787645191e-04 3.831019063447880157e-06 -8.759953979759514675e-02 2.144643160434283047e+01
4.040998696595241024e-02 -1.909971409693884403e-01 2.267963744865745049e-03 -4.801988367864120115e-04 -1.022073604495812686e-02 8.113164729528228158e-04 2.560973127479585558e-06 -1.267863251896410859e-01 1.985772929970042711e+01
2.715020930711884925e-02 -1.148537347839247158e-01 1.601667958193401771e-03 -1.976316310190324017e-05 -7.294202626731306240e-03 8.081461933804826719e-04 1.089342823783994752e-06 1.442246189889763615e-02 1.750932447730476937e+01
2.160639344692530384e-03 -5.673942883699666095e-02 2.668043491614558674e-03 -1.943782014592927579e-05 -5.637166128308650909e-03 1.214254706226567141e-03 1.374409933080846176e-06 -1.052146629680417445e-01 2.047336540910444924e+01
-2.627592070155505485e-02 -1.431593351132117720e-01 2.031285406367546679e-03 2.180429371866030594e-04 -5.317394998320869141e-03 1.109723767821823876e-03 1.469098278202309101e-07 2.505277839763589420e-01 2.958632048294456851e+01
2.360767602404365006e-02 -1.150662286499461034e-01 2.790322113137001965e-03 9.610032298945670479e-05 -9.468058042915804273e-03 1.755269240191556154e-03 7.860116799603366117e-07 5.466266143660909738e-02 2.497310471857019110e+01
5.990427524955890815e-02 -3.438082231413669976e-01 3.717133379395618723e-03 -4.938595321049520353e-04 -1.399838755793414956e-02 1.794484070418523930e-03 2.456271495994011515e-06 -6.607575188784425846e-02 2.556753051792024323e+01
1.114835966657818506e-01 -3.255402339137707379e-01 4.686370107982802853e-03 -1.385796251870524774e-03 -1.602865434973077194e-02 1.453444642535924340e-03 6.687750828616842936e-06 -2.441238179078762116e-01 3.939854196246777462e+01
9.155328578594598699e-02 -1.158828719426145681e-02 1.908478232160515983e-03 -1.111779578237863646e-03 -1.172503105833206868e-02 1.805442104479682540e-04 6.529388650565851702e-06 -2.733024409127934526e-02 3.846272940133160745e+01
2.577808673482751695e-02 -9.550293704770723702e-01 6.802012929800209558e-03 -1.653160536184015896e-03 -1.861205292939007230e-02 8.021179893069923378e-03 7.074963500566220531e-06 2.186536882752028177e-01 1.200189522519197709e+02
2.857796751777436084e-02 -8.512057658128546755e-01 1.301029064082578554e-02 -2.044204874520361929e-03 -2.286258287440925616e-02 1.075025150493124498e-02 7.516043532682186422e-06 -2.042510269458786276e-01 1.144797918149916143e+02
-6.479279305047144777e-02 -5.474640183723210596e-01 8.315799173927062443e-03 9.089801526531469467e-04 -1.909349365169173487e-02 6.755617590071622859e-03 2.076879711876861805e-06 6.094896497596278412e-02 4.894232974120132695e+01
-4.611172142549416209e-02 -1.846087937430688358e-02 4.068113854024104845e-03 1.655408051380895989e-03 -1.146523382732145442e-02 4.373673811670608126e-03 1.593743180027969263e-07 3.380659252985193652e-01 4.346307085065755160e+01
-4.846282390508235838e-02 1.352911179008134956e-01 3.090714209035999929e-03 8.927287055229295425e-04 -9.221573907079613081e-03 4.189282143163286683e-03 -1.206704499296428749e-07 3.674591096433462156e-01 -4.075945163681485184e+01
-5.186476123856290782e-02 3.511904490868021922e-01 2.851231804675761865e-03 1.246544114821760644e-03 -8.542254285820368234e-03 2.950643472689651499e-03 3.949909831015326591e-07 1.973258950483037510e-01 -8.047940081346547458e+01
-3.454529494444295856e-02 -2.115673582541767461e-02 7.439462684708787049e-03 9.437734897775980000e-04 -1.251990130603370700e-02 5.085421587975758918e-03 2.121001942319971517e-06 -3.272452606339208425e-01 5.399747437427881636e+01
3.301143502605187463e-02 -3.564776659621636812e-01 7.023205708462387092e-03 -6.064287428270783873e-04 -1.438146984313111790e-02 4.293304072435032322e-03 4.246387489105898123e-06 -5.157661913637905382e-01 5.848286546677523035e+01
4.799097021821350714e-03 -3.396895499976301802e-01 4.570677291151378600e-03 -6.111810023015175125e-04 -1.349677954224635587e-02 2.816101973344169694e-03 5.120493205227526768e-06 -2.340827562223486424e-01 4.690785207690517922e+01
-1.899010304510533043e-02 -3.511357483786698430e-01 2.886065561435984233e-03 -1.597839435079652089e-04 -9.507504718947987904e-03 2.126907545224362983e-03 1.244905028293159544e-06 3.358669322597158113e-01 3.249804118920451401e+01
-3.236648794447211097e-02 -3.574871780988194692e-01 2.156625395744259099e-03 -4.453832959965592277e-04 -6.017443795126465461e-03 2.045930260271482375e-03 2.002089847635645265e-06 1.081568909983803561e-01 3.509599741397899919e+01
-4.214105232081348518e-02 -2.792660841486286905e-01 4.569205250220962668e-03 -1.220867454185728515e-04 -8.775780812718679200e-03 3.132929900756031838e-03 3.633916169338182296e-06 -2.020292754105093569e-01 4.154596986608546416e+01
2.156499637149033102e-02 -1.478392557811007701e-01 2.901915089768965401e-03 -3.651276021134819329e-04 -8.786707031964931941e-03 2.290820369459810671e-03 3.272440062319043065e-06 -3.692006289901691440e-01 4.387626160772647665e+01
2.965750774462416750e-02 -9.920476053362069224e-02 1.261045249576706008e-03 -5.528030452934163015e-05 -7.138585462495354757e-03 1.054240195344479649e-03 2.223775694007880711e-06 -2.852886667672764887e-01 3.387283789218943042e+01
9.994608180892910337e-03 1.525144473842881820e-01 -2.176982313206887341e-04 3.314383142852461370e-04 -5.722018344977227063e-03 -7.964239981807946268e-04 1.604819676762121159e-06 -1.146434166819282063e-01 1.220629386696079344e+01
7.290198571965991747e-02 -8.254257451609997576e-02 -3.681928272538883933e-03 -3.073102249533538337e-04 -5.550807594514092086e-03 -2.655558547079816048e-03 4.425811189588478551e-06 -5.824647559655078410e-01 -2.772044069496702789e+01
1.234964791888488143e-02 -1.549819288506545656e-01 -1.473058010786521379e-03 4.319474924091463791e-05 -5.244138926807878458e-03 -9.293578819018355345e-04 2.168791113896864472e-06 -8.495085291475905354e-02 -6.794182941484859128e+00
-9.271866843729156121e-03 -1.690468734871422296e-01 7.686236092729123578e-04 -2.045877124049188546e-04 -5.990082688641514344e-03 9.948472661662384475e-04 2.808812957316853846e-06 -2.204825006211245109e-01 1.889848779069944840e+01
-4.330835653251659256e-02 -1.615370131554239030e-01 -4.545737887624000124e-05 -9.640374044404230729e-05 -4.771441648554296602e-03 -4.384870345929648772e-05 2.739929358466779315e-06 -9.156593252591949117e-02 4.632241563999958345e+00
-9.960350846511081824e-02 -3.644462699601169198e-01 -2.841487513931596786e-04 -5.372000434107972481e-04 -5.199695624290089080e-03 1.179625914101050993e-04 3.287780902930234095e-06 -4.441809075349893027e-02 7.879598064050521877e+00
5.069559084058941406e-04 -1.564230521727412726e-01 -2.491549025546861956e-03 -4.461663361903349129e-04 -3.822792316571793723e-03 -1.827089386941716355e-03 3.003054489122363298e-06 2.434159847761064033e-01 -1.568741679143442980e+01
1.220681508782614326e-02 -5.786409029099898182e-02 -8.292176569788515693e-04 -3.403488945228100196e-04 -3.250535314090402268e-03 2.670506400313229839e-06 1.524124440599202414e-06 2.141990715689530977e-01 6.909318759044841052e+00
7.115294291792084724e-02 -9.229667611229315505e-02 1.287689921811832931e-04 -4.421300128781103047e-04 -5.347852010854437302e-03 8.928988884771727624e-05 1.661963357715043498e-06 1.023604102499985347e-01 1.147043537652364975e+01
3.106005399018818211e-02 -1.851628860742551494e-02 -7.759875965821383002e-04 -1.509160970169980218e-04 -1.128561730522246358e-03 3.197608739470845428e-06 6.553735498450038612e-07 1.413487600685424395e-01 4.808337381378923858e+00
2.424653040037810098e-02 4.904598576810478144e-02 -1.327187865359713646e-03 -3.526052434119731705e-04 -1.360079579693010974e-03 -9.267359298610734850e-04 1.476921418435157858e-06 1.603532631944146192e-01 -3.124366324356226965e+00
2.856713443782370101e-03 -1.742112544013204312e-01 -7.185606436720565508e-04 -5.504701487412149352e-04 -4.131545751260936629e-03 3.245736512114110600e-04 1.498726915967078751e-06 1.581156640294445470e-01 1.313971735345851677e+01
2.503430523789609841e-02 -4.239726278690373329e-01 -1.718881567336040463e-04 -3.884823173884382834e-04 -5.406524829975314396e-03 2.009012666935166939e-03 3.355997431253103007e-07 2.943433857492856465e-01 2.987503633829521377e+01
4.501357361024618808e-02 4.651660849762168787e-02 -1.062950533209580011e-03 -1.800750478866679108e-04 -1.566583525035645467e-03 -8.795757753758856297e-04 2.726823479421444236e-06 6.710256768094478852e-02 -3.410373005166656757e+00
7.061279545290854998e-02 -4.968851878882703937e-02 -4.195218599555648850e-04 -5.343772658527667181e-04 -1.732504299700973402e-03 5.240068222825839664e-04 1.482984487757384283e-07 1.833708956767853282e-01 1.405648119273140217e+01
4.471761737126123820e-02 -1.713552637659987443e-01 1.706283456301961555e-03 -9.771949150399912836e-04 -8.117767276607183030e-03 8.506640415769336269e-04 3.955564977106871192e-06 -1.087917672444655842e-01 2.474692979879595711e+01
4.771206994838361921e-03 -2.321441673352984958e-01 2.290087478089978309e-03 -9.573730426944819256e-04 -8.037079888631457406e-03 1.689124759993275524e-03 2.626827035147351455e-06 -1.535443935529053339e-01 2.607110253454560223e+01
2.301453413053574856e-02 -1.084262860393831324e-01 -2.570027057500526811e-04 -4.426339210337048994e-05 -2.089864704414923832e-03 5.577384550230907179e-04 1.855943282693775863e-07 1.635685131584107277e-01 8.180795722206589460e+00
3.291069560550181211e-02 1.259194528844783875e-02 6.512290468337081036e-05 -1.990571206779051571e-04 -2.096996783363549218e-03 -4.695167375141103927e-04 6.869712025448328561e-07 5.692105666635881300e-02 -4.431719412314983897e-01
3.515402991285183215e-02 -2.084311543371239472e-02 2.014403721651898075e-03 -5.609194033858450187e-04 -5.814858818467731963e-03 1.933923418939199619e-04 1.481957468759851913e-06 -1.291519107265337307e-01 1.114323176465113541e+01
-2.003044730516994471e-02 -9.403633838632156905e-02 9.665510699656727506e-04 1.791242270855493746e-05 -3.185110398434524200e-03 3.817221983552402482e-04 3.697430575962495724e-07 1.795106963559618685e-01 5.838552897044666068e+00
1.271652462864270418e-03 -3.203611497808686072e-03 5.982811972995889522e-05 -1.797614523781046643e-04 -1.715464130495620264e-03 -8.319915634599513556e-04 5.956110506451210664e-07 8.646485904438844239e-02 -6.059341727751050399e+00
2.057471827613017133e-03 -4.776818841659961207e-02 -4.693337464961840413e-04 -1.689652648010941981e-04 -1.879069264803098424e-03 -1.018016649874322384e-03 9.756377670699707642e-07 1.343768255448279936e-01 -9.009286984926113462e+00
-8.742741155359104108e-03 -7.037336123739326710e-02 2.941305658944460264e-04 -9.056013868871352218e-05 -2.589057611076745272e-03 -8.719584027542136761e-06 5.792928097379591050e-07 1.947969064147464235e-01 2.238575590587909225e+00
-9.006685271602404147e-03 -1.668336118158713910e-01 8.226823279772355751e-04 2.428573130200711898e-05 -4.030278039139022737e-03 1.163186202809494973e-03 6.236260090640006000e-07 1.272897020137152002e-01 1.388784532601987110e+01
-1.384441429521129571e-02 -8.614152822009515931e-02 9.062317633843008046e-05 -2.197640257648552069e-04 -2.130049108986167058e-03 -1.976636890094108810e-04 8.836450849977244060e-07 5.029053205055997178e-02 4.208279926314819619e-01
4.729095725064179356e-02 -2.873175723676570786e-02 -5.240494046451704083e-04 -1.073117561732401159e-04 -1.395633216510723919e-03 5.465405098190605660e-05 1.503006962185374379e-07 1.807671652229764225e-01 4.334993876139302316e+00
6.072610119863668804e-02 -8.477352303251885213e-02 3.137083036646522334e-04 -3.173691958039696805e-04 -5.129328239951067535e-03 2.400436025821366733e-04 1.185662701933346499e-06 8.069695062307179201e-02 1.053002077087696620e+01
