# see "template_together()" in core.py; columns are mu1 mu2 mu3 mu4 nu4 nu5 nu6 zeta1 zeta2
-1.902213049241979021e-03 -6.885214751516859077e-02 -3.824556613598163821e-03 -2.088535384218662916e+00 -2.836377804098574096e+00 -1.891455783207233315e-02 1.656814969024100401e-02 1.220675594229168805e-04 2.351276657891072208e+00
-3.709404782606473550e-02 9.396317125715058323e-04 -3.621205425292418640e-03 -1.013348153618366831e+00 -4.537909050569177261e+00 -1.777231981505993791e-02 3.281509725755555208e-03 -4.468923330028758199e-05 7.998330328009469525e+00
-9.720393267345552035e-02 -1.725256882943073181e-02 -2.701871790573439399e-03 -1.545665185778244410e+00 -2.434343859742536420e+00 -1.952356508342625169e-02 1.542335814180707983e-02 5.043925718895495697e-05 4.591809763407328049e+00
-2.931804148974062607e-02 2.944045356457715076e-03 -1.912392226449785744e-04 -4.311762015428160372e-02 -1.266068957291296648e+00 -1.365079827765434961e-02 6.881242941107956410e-04 8.226934599293354400e-05 1.465466290513906533e-01
-7.544992351254556362e-02 3.059067334479423708e-02 -3.431980686318948995e-03 -1.362287367013207406e+00 -1.007279276196375584e+00 -2.110894989844015399e-02 7.596938107962579109e-03 6.304058002177952722e-05 2.868343184526152001e+00
-3.980760013195013686e-02 1.637119585022474288e-02 -2.025860503933471436e-04 -3.202384690063407591e-02 -1.355562160303755537e+00 -1.416515994981281876e-02 1.297296531804347170e-03 7.784284635685813705e-05 5.681023393266377841e-01
-1.042883228855316646e-01 2.453713991419660678e-02 1.200246071390987388e-03 3.520368130790055838e-01 -2.831327968479325552e+00 -6.506226279966923279e-03 9.813908783744384589e-04 1.782138346704654033e-04 -2.665882111665582421e+00
-9.592992250237517005e-02 -1.056750733987724816e-01 6.126851180219198070e-03 3.629954230713226426e+00 -4.561887875826279526e+00 9.142645349727543391e-03 -1.058113153472899949e-02 8.043250884903028076e-04 -1.554384126570223934e+01
-1.487517848644378735e-02 -2.878913962529363376e-03 9.148776685516447384e-04 4.713246980076951642e-01 -1.820017817409214755e+00 -6.748601764166000348e-03 3.809235413973953649e-04 -5.553888098306152216e-05 4.083246126155478883e+00
-1.698025526518175121e-01 -2.774718763731670698e-04 -4.041178186765801480e-04 5.108020730594048375e-01 -1.664083833798488676e+00 -8.059274594074385123e-03 -2.942820466535923246e-03 2.360538999070311409e-05 2.308546413658100427e+00
-2.071252863360483962e-02 -3.199934792759661500e-02 -2.662217267594386462e-03 -1.081736863933833392e+00 -1.511439049915251465e+00 -1.327325927109124226e-02 7.315073522318129781e-03 1.610767154218365599e-04 -1.440758093897496428e+00
-5.414331948260224514e-02 -1.365475426649795376e-02 -9.948455417010963666e-04 7.673520207730248621e-02 -6.668907471824710997e-01 -1.045260696257223169e-02 -2.981535158183933835e-03 6.416895333095545058e-05 1.097156174801736883e+00
-3.373981382155132741e-02 -6.068898334738306866e-02 -4.192338778127877551e-03 -1.697669665345355350e+00 -2.999412638181890856e+00 -1.450021786228451390e-02 9.118782792208157337e-03 1.958610965280902091e-04 -3.299575185476134820e+00
-1.437696536861506058e-02 7.303682783415459817e-03 -1.102499085147550309e-03 -4.618678385893081745e-02 -1.333023544276029648e+00 -1.165942402527964106e-02 -2.398891705295678415e-03 1.128582218553670133e-04 -3.488897510259111989e+00
1.256537919580280258e-02 2.786091746579675427e-02 -6.911405487215572596e-04 -5.286695167365056403e-01 -1.801659388508587645e+00 -1.428880787809700369e-02 5.674388653679489705e-03 1.281664871394576030e-04 -4.064645635604096086e+00
-1.546726920846885726e-03 -1.828135981162486504e-02 7.083968890509317494e-04 -1.627865555323878832e-01 -1.072145158562141543e+00 -1.343260684286555311e-02 3.661600115427026975e-03 1.477609830573585069e-04 -2.506093617365007020e+00
-7.540486333181914240e-03 4.102962787413826778e-03 -4.273420066547318759e-04 -5.337240374500990675e-02 -1.415127902236455570e+00 -1.454308484285784381e-02 8.698493285172287327e-04 2.423937389471664044e-04 -4.005355923603128865e+00
-3.988444260411641573e-02 -1.907243220522670396e-02 3.245172636569590603e-03 1.237652065589823769e+00 -6.902261733268194588e-01 -5.964064969253861023e-03 -4.293773842293557678e-03 1.406009105379055744e-04 3.764983053565494897e-01
1.089474177533775873e-02 -3.391742215774563168e-02 -1.748959472752332957e-04 -1.191931186271673604e-01 -5.533471084455111599e-01 -1.631818707712805877e-02 4.627481496892895231e-04 1.199123543231306365e-04 2.815224566865614619e+00
7.232601293956565647e-03 1.826932025378750005e-02 1.813591512591789575e-03 2.280133860075340135e-01 -3.841808192301119362e-01 -2.263868215531089634e-02 -2.394101282015032462e-04 1.730206404144785483e-04 8.957916390039374899e-02
8.781845315988235506e-03 8.817413516144907704e-03 3.631159728750266418e-04 -1.268534009114030414e-01 -5.451520873963596747e-01 -2.443013765471665003e-02 1.375045556506126424e-03 1.385184223964095341e-04 -1.669922514018791215e+00
9.093609494443016805e-03 4.202605231319372393e-03 1.044506749846062715e-04 -2.560046162867810060e-01 -9.999786994453954136e-01 -1.913220751702053579e-02 2.975206201173237995e-03 1.139644553667657335e-04 -3.777745253868659336e+00
-6.854384073252149830e-03 2.828139043790939625e-02 -1.447531582874874399e-03 -4.008481467409205079e-01 -1.316175995631150730e+00 -1.397431818561685642e-02 1.903832354579825187e-03 7.728895566618760649e-05 -3.101227095373436438e+00
-2.414927855774332000e-02 -3.247943760009557989e-03 -1.203114502827157869e-03 -5.148092643694001103e-01 1.124789603762456347e-01 -1.863855119994512616e-02 2.648902608372075227e-03 2.518412266837305666e-05 7.701333894327369034e-01
3.321178894025764161e-02 1.943530418418187161e-02 7.658568937985748464e-04 -2.838270730609430692e-01 -1.624460084485732203e+00 -2.439996268912067792e-02 5.386866247941470877e-03 1.350021169891638053e-04 -6.018469456624678138e+00
5.722513254898790869e-02 -1.320800813373236224e-02 -1.672166625466032803e-04 -3.366236592091926272e-01 -7.348543111337632050e-01 -3.402275984669495684e-02 1.224769342230826478e-03 2.347245420690245797e-04 -4.619545917423681480e+00
1.631394176526737919e-02 4.185519769256158817e-02 -9.774443519058688672e-04 -4.689316456459143301e-01 7.274734706348504054e-02 -4.002653945516299050e-02 3.047756838003041555e-05 1.796765144833914962e-04 3.535497923860943636e+00
-1.788930353324539105e-02 2.570117634370592749e-02 -1.589672353820696356e-03 -9.896568044384448370e-01 -1.010959881082859280e+00 -3.399493940063440245e-02 5.728190116917164509e-03 -9.166726293550122727e-05 1.135030436981486446e+01
1.451008613736512465e-02 2.131589890006608742e-02 1.092131001625837577e-03 -4.729499673352449696e-01 -2.851307751195629514e+00 -3.134020051519864625e-02 8.357873039075969929e-03 1.135177981539919672e-03 -1.060389788011997503e+01
1.468230733850410877e-02 6.911195087581371854e-02 -1.202683367273322613e-03 -5.908607106113754615e-01 -1.916815023748668967e+00 -4.320942249500535348e-02 4.960384467359245896e-03 6.774373930718714104e-04 -9.095833036325894128e+00
2.206871137218411813e-02 2.056836653720504546e-02 -2.027646099182477905e-03 -4.714909027149319365e-01 9.453502452060044692e-02 -4.122347300239895956e-02 4.121489562524890699e-04 2.749137990946252702e-04 -5.645043416791905244e+00
1.126076484212137560e-02 7.396338888939048804e-03 -1.380400632888621011e-03 -6.942786938377997208e-01 -1.334549967340118881e+00 -2.896042053159982380e-02 8.050290934493303796e-03 1.155502824949899282e-04 -5.521419993881051980e+00
1.041439052236231566e-02 3.331784237534918258e-02 -5.560837465116691804e-04 -7.182017836496962238e-01 -3.916197192791203374e+00 -2.240783028260862411e-02 9.132716194920858024e-03 8.972340338868619127e-05 -8.924936212227768451e+00
-1.492696903013419896e-02 2.569005537483872240e-02 -8.359946449392497434e-04 -5.301951729166954896e-01 -2.694271131162426336e+00 -1.358409284359135376e-02 5.215807042202212467e-03 9.948165273982043837e-05 -6.707747513170237319e+00
6.644369133347311288e-03 5.250024428188494741e-02 -9.592467964208420059e-04 -5.663525065737915476e-01 -2.192533349864621783e+00 -2.182733949621252015e-02 7.936446875849816063e-03 1.531108602488789427e-04 -7.626764884151483237e+00
3.169248288182476003e-02 4.046582525306348377e-02 1.015176494128483097e-04 -3.173662637029033839e-01 -2.318989612987958360e+00 -2.853465826514925419e-02 4.166873366759366558e-03 2.779764199478403737e-04 -9.059161377343135868e+00
1.624265395477870327e-02 1.263889755970531471e-02 9.280216722453756961e-04 -3.690197017651675356e-03 -1.104159247333962535e+00 -2.518374297354958324e-02 1.608116595534908860e-03 4.110121501515271044e-04 -6.570014245001503994e+00
1.293701609465428698e-02 5.523933638251709265e-04 -2.106998555234486706e-04 2.749410998130193823e-02 -6.815018374884491692e-01 -1.716991918125858330e-02 -1.748423544984708926e-04 4.948670873855373544e-04 -6.927766234782624544e+00
1.000133259909285685e-02 -6.939700452336531981e-03 8.305526495906767398e-04 3.204118597283949210e-01 -1.694109975897752696e+00 -9.741718579882433643e-03 1.209745155069194978e-04 4.306051942704169477e-04 -1.075576608086834618e+01
-4.029910426117681334e-03 3.791660553130049571e-02 -3.691090980433760498e-04 -8.477370565038648553e-02 -1.005608489833281993e+00 -1.597321030518641591e-02 1.728013822603305383e-03 2.781123632154843374e-04 -6.160691478324111792e+00
6.257831143518205290e-03 2.432537785044899467e-02 6.184797138587605275e-04 -9.363405499608584703e-02 -1.760018700264538882e+00 -1.725412685366690610e-02 2.890801183239784158e-03 2.287752989134224607e-04 -7.107804850621610271e+00
-1.026582932527113096e-03 4.311756580657736225e-03 -1.226014300986966079e-04 -3.349787526225221357e-01 -2.186700035695576361e+00 -1.512522769422433404e-02 3.494048927905194120e-03 1.715257982588412253e-04 -7.451949837999602089e+00
-4.440168952096622268e-02 1.705505988964340150e-02 -1.096629900851963995e-03 -3.930039903356358222e-01 -2.411830065433094639e+00 -1.050919156476877621e-02 1.281298065024353465e-03 1.515795865572304056e-04 -7.040151869949935914e+00
-5.394492921289422566e-02 -4.646423540264461166e-02 -2.093605079210596100e-03 -3.202306094468467257e-01 -3.248699067254509742e+00 -1.031929922955170803e-02 -4.136069284670500744e-03 2.632719527619273845e-04 -9.540009711109872725e+00
-2.553812819520834623e-02 -3.724220516797055458e-02 -1.709251749941753402e-03 -4.373669745326488889e-01 -1.664938569249320155e+00 -9.769124895996395691e-03 -2.755318872189554502e-04 1.840945087342980586e-04 -5.374333694239080472e+00
-3.096329727315655020e-02 1.205774210610532915e-02 -3.681558050608429154e-04 -5.760329948321987574e-03 -1.492379359016462903e+00 -1.054534588659519941e-02 1.458204562701449943e-04 1.818009921400986747e-04 -4.522828042890696842e+00
-1.096372501381841745e-02 -1.538063215964205303e-02 -6.422400244232883467e-04 -1.025824624955250647e-01 -1.490128840925652787e+00 -8.120907041791495737e-03 2.438550699520804666e-04 2.516176211251584002e-04 -6.951682766783973122e+00
-3.120742253066980179e-02 -2.941260494812874410e-02 -1.441227207241083238e-04 4.197997703083695131e-01 -1.607093092371554288e+00 -6.674240191036395591e-03 -2.819955582151653997e-03 2.684638696125222720e-04 -6.828839057750481167e+00
-2.243839465458024110e-02 -6.482256493332386182e-02 2.622337203757138090e-03 1.910708133611929371e+00 -2.551417301883869726e+00 -2.635218364070501113e-03 -1.200482038947317878e-02 4.054279040598567953e-04 -8.850841839623925011e+00
-1.759434474667158702e-02 4.057775260797141272e-03 -8.919541590023662104e-04 -5.537280940045885558e-01 -1.647812235024817440e+00 -1.016860654007607431e-02 5.076505438854130373e-03 2.370371715008544528e-04 -3.897974434684396083e+00
-7.869137952745680967e-03 1.801988383306854166e-02 -1.469778634150481565e-04 -1.549487546594937593e-01 -1.099412285575671833e+00 -2.236590401771582429e-02 7.618578900487931382e-04 1.820789124455937050e-04 -9.446901810619087181e-01
-1.261497032608356050e-01 3.083018497344553865e-03 -2.119610659226132520e-03 -1.045012951250536171e+00 -2.065600512636796005e+00 -1.766372425160527698e-02 6.181088294163929707e-03 -3.968998130923481295e-06 3.422958501935237319e+00
4.210800355227181657e-02 9.369387919447687285e-02 -3.477496773155538024e-04 -2.346988405617032480e+00 -2.864624635053128365e+00 -2.307344992536144307e-02 2.500686459196016162e-02 3.049745853192287518e-04 -4.323488579814213750e+00
-1.107641323188127483e-02 1.668886029306246577e-01 -1.266913602720900686e-03 -3.419824365232288499e-01 1.735046092774246596e+00 -3.230644365042247695e-02 1.443043787554376071e-03 -2.478107550809058421e-04 1.251748828586539020e+01
-9.604243885478688791e-02 8.674891830215666899e-02 -4.301469320717374138e-03 -1.082891492178905235e+00 2.856753511196949979e-01 -3.643012817420362287e-02 2.937467006662614066e-03 -6.777739802666590547e-05 7.003836815931593129e+00
3.843323937909165489e-02 2.797182853686590587e-01 -9.685444633486031945e-04 -3.580976773100181809e-01 -1.683406098583930088e+00 -2.427652481613894880e-02 5.517180107922566717e-03 1.263635457856405824e-04 -2.593137248323144739e+00
-2.115971992875969876e-01 1.360017634259520769e-01 -1.778005064981135310e-03 -1.344959151836722988e+00 9.586665273145286159e-01 -2.325930801003180462e-02 8.033464478138234444e-03 -1.299278765937096527e-04 1.254156712012237840e+01
-1.226999082470688618e-01 2.683035400635449055e-02 -1.960028400098966055e-03 -1.470913730379231232e+00 -1.255413090384427388e+00 -1.945732695101711276e-02 1.038956633261974884e-02 -2.724593198880017835e-05 6.223068454989597598e+00
-2.886491809441954492e-02 -1.244952492840002180e-02 -2.067419191791270826e-03 -1.145417497269336948e+00 -1.658958135022500446e+00 -2.056778632231063414e-02 8.563770328912511873e-03 8.088223393668896543e-05 -3.688903144726726202e-01
-2.268726781197578403e-03 2.104950579441247638e-02 -7.260592385143027996e-05 -1.197689436127387791e-01 -3.216049972257104539e-01 -2.264132752564122775e-02 6.851715144037407845e-04 6.612552836418239739e-05 1.702570847683217092e+00
