# see "template_together()" in core.py; columns are mu1, mu2, mu3, nu4, nu5, nu6, zeta1, zeta2
-2.085414885626953041e-02 2.720501568662472835e-01 -2.934162876316338542e-01 8.449506923503563192e-04 -3.614410244431161268e-03 8.225413896379986725e-03 1.924513410590127114e-06 7.512648508105410072e-02
2.750753506889803274e-02 2.114228421255620050e-01 -6.114368627041296689e-01 -2.117945672934176682e-03 3.183157256338135115e-04 1.283101792895355482e-02 7.202272289415757880e-06 -1.911134517540120370e-01
7.854301069710989402e-02 1.606581502650057669e-01 -6.378245096925458935e-01 -1.657834962463968290e-03 -3.424910729342934765e-04 9.448856812397227883e-03 5.717138160777694204e-06 2.453478487426452026e-01
-3.773626860586525716e-02 1.097028365696118835e-01 2.569983273687678760e-01 9.126560650535859697e-04 1.575458131407789578e-02 4.319248179423914452e-03 -1.038919530277980494e-07 3.698815169175037054e-01
-3.508533086510257776e-02 1.367088355783501463e-01 1.586441905575683431e-01 1.638822004865526233e-03 -1.198657715142249607e-02 5.356221596929794208e-03 1.523539637486098500e-07 3.347164095836007713e-01
5.342091806848518754e-02 2.058464597954811348e-01 -5.262325345935912890e-02 -6.965713084662492841e-04 -2.465847625336534035e-03 5.297303386606784514e-03 4.060154294093654854e-06 -4.960029081639854009e-01
3.436583173883499265e-02 1.487909022017155636e-01 -9.497063988719724181e-02 -7.261043273435398467e-04 -1.921465733259942370e-03 4.183028082234294120e-03 4.675410960450339575e-06 -2.062499050502832609e-01
-4.700843783915170312e-03 -1.196193445920046110e-02 -2.010119754804397252e-01 -3.274856878814195495e-04 -1.468549585911806902e-03 3.035624967143615849e-03 4.822345689313460224e-07 3.403423676436979628e-01
-5.128534727021908518e-02 6.039950820624617744e-02 5.390549512738158633e-01 1.223630092744012630e-03 1.854378392363867020e-02 2.959651232511429590e-03 4.141647788952441223e-07 1.944061513112002870e-01
-2.038354452989482243e-02 1.704543145437638629e-01 2.939879549334614706e-01 9.261047380432596132e-04 -5.853083203910225754e-03 5.848470893723015443e-03 1.978812310995470797e-06 -2.915639009882887711e-01
4.020915404129318110e-02 1.312192031163963435e-01 3.047904754199291799e-02 -4.265601094689263099e-04 -2.829246521927545992e-03 3.141507734769910260e-03 2.832771012374198502e-06 -2.967489434916776303e-01
-3.080293467294893672e-02 7.519436892428364716e-02 -1.069638351430880485e-01 -2.396835561335170883e-04 -1.264220731618300375e-03 3.988735063403907322e-03 2.885818657821367625e-06 -1.199797975504783704e-01
-1.117573068591300872e-02 2.543554144096608297e-03 -2.309559912740595244e-01 -6.271626257923971874e-04 -1.207210784503880054e-03 3.057196848945792442e-03 2.271325852489729765e-07 2.421589014832279396e-01
1.017548572823473788e-02 -1.102559414110898181e-02 1.392496568259647960e-01 2.595346891776366838e-04 -7.180611173716074450e-03 -1.975316011324383181e-04 1.600547213892292906e-06 -1.254899211797156078e-01
3.742247491595319248e-02 6.457480611778139423e-02 -1.221613327433620708e-02 -9.972383449809290863e-05 -5.415774990597025350e-03 1.727453206664442175e-03 1.971357301206060982e-06 -2.361778728104895475e-01
1.391211391200485037e-03 2.151538755143084236e-02 -1.282329010509034029e-01 -3.393880007770902897e-04 -7.110708322919396390e-04 1.816544929926989377e-03 1.897767459808249082e-06 -6.062571600904378272e-02
-2.497281672276584208e-02 -1.680539467964511924e-02 -1.432317607635706369e-01 -2.694623784936753556e-04 -1.052740011819264894e-03 8.706625087088080625e-04 8.467936455068447310e-07 1.467220857339356088e-01
-7.340882711824421591e-02 -2.991761712861178840e-02 -3.328016457857425614e-01 -7.689183956913114761e-04 4.866116545860724868e-04 1.503066542664588130e-03 -2.895759681954178742e-07 4.220802209965992535e-01
8.789463128964304650e-02 -1.642509803571919058e-02 -1.341418846819388833e-01 -5.208706067586205525e-04 6.148019125157955624e-04 -1.801777818331749001e-03 3.731362064965760707e-06 -4.293435101351252281e-01
2.481655491144623554e-02 -3.655880685260515239e-02 -2.552100945059955217e-01 -9.358640934215752276e-05 -1.582155736012224494e-03 -1.043174284453024135e-04 1.074496369068723069e-06 9.655974928153432391e-02
8.664396860230619279e-02 1.715132017916536911e-01 -1.099035779403025465e-01 -5.971665626282476966e-04 -1.296142946556276196e-03 2.912356388110800502e-03 2.344359947143965561e-06 -6.531517149024347602e-02
1.100768421757489374e-01 2.096377145996822233e-01 4.851897347371543212e-01 -7.171753913500063466e-04 1.698362975204520788e-03 -2.690744220894941783e-03 7.276800086747860674e-06 -3.517783618016751546e-01
7.434226529137435979e-02 7.318976512316133221e-02 -5.157359847228640271e-02 -1.063456804468424118e-03 7.362246502811479164e-05 1.691963344984864564e-03 5.110102315947095099e-06 4.638112128605289403e-02
-1.268385180259420583e-02 1.197474523537274682e-01 7.164592795872386233e-03 1.206521859445215900e-04 -6.154710149145667039e-03 1.686784860312063325e-03 7.069251775668063563e-08 2.613779950412780662e-01
3.979222271982778975e-02 1.173094170340593378e-01 3.296193780386032918e-02 2.513695220660916715e-06 -3.732326846951573331e-03 2.532694184935840344e-03 7.326336866464968318e-07 5.586624653829676962e-02
6.080533934782034883e-02 1.153443553100339247e-01 -1.638756874428838606e-02 -5.796888965498748917e-04 -8.681556437154686360e-04 1.647060873999614755e-03 2.462584948927299028e-06 -1.305661649272709668e-01
6.644857599178263796e-02 1.972150180608022579e-02 -5.440493067232522739e-02 -8.355227144741306840e-04 -1.241629615838509048e-03 1.719808198902527448e-03 3.271794584515372541e-06 -6.334988441541140880e-02
2.825839658450587238e-02 -3.605479984129055654e-02 -2.961273409338390783e-01 -3.266145813294749284e-04 -1.283910668666515256e-03 2.459250566642487337e-03 2.032586997249237450e-08 3.350339218611874115e-01
5.784533516941184859e-03 6.628837002813556256e-02 6.480181055804917767e-02 -1.723055443466307976e-04 -1.942040537053428984e-03 2.034778102098221044e-03 5.101011154849521072e-07 1.307523313399674703e-01
3.893821436186061663e-02 8.473702235762119173e-02 -1.256746031706044119e-02 -1.355467791099125509e-04 -2.643949723661007025e-03 1.563951572232387616e-03 1.010617671925905851e-06 1.268991109475560604e-02
2.799920569050230040e-02 4.005913156876149406e-02 5.514143799149030800e-03 -1.004251939476952265e-04 -1.211198586100035611e-03 5.740853817460866764e-04 1.684527028117917497e-06 5.642168797076520942e-02
1.972567249007472698e-02 -1.000142941047810728e-02 -2.272413674560030961e-01 -5.556020034776817766e-04 -8.773809220415269838e-04 2.750753039688295931e-03 2.000102034638951776e-06 7.539119440724187382e-02
-4.226002870164014165e-03 -2.161410795536324592e-01 -2.057226902413696046e-01 -6.295792205001910337e-04 -2.063723391353011576e-03 1.048794076229371368e-03 -6.402753788361556966e-08 2.895046280503165703e-01
4.922319628407646752e-02 -2.763517719226181793e-02 -7.764549750789555282e-02 -5.847642178878503273e-04 -9.737707134742237076e-04 4.315803728587942257e-04 5.084750424461609189e-07 2.096903200250991861e-01
4.808820024029510781e-02 4.445041529922258428e-02 -2.720361931599375380e-02 -4.868958891607209558e-04 -9.116498485546276585e-04 1.698147637964187882e-03 1.388414620537484340e-06 -6.623520030811624881e-02
1.015022673748387956e-02 -8.496236489196537511e-02 -2.281421643283303435e-01 -4.065210172155887835e-04 -8.442079891900505393e-04 1.124554811481507689e-03 4.005022634874153915e-07 2.996267262269978748e-01
5.525300749348338938e-03 -2.059094704944062770e-01 -2.445793890429155959e-01 -7.848596506917020731e-04 -1.600064127595057567e-03 1.377516211301211407e-03 -8.353549388385970201e-07 4.819087606811103819e-01
1.011668604068847836e-02 -3.210797269010602917e-01 -3.811885752329257082e-01 -1.100692911494467697e-03 -1.629698818709534799e-03 1.017269509572546547e-04 -5.891508064092093099e-07 5.252668402757436628e-01
9.066452067364950962e-02 -1.602152146333329918e-01 -3.508534156053306208e-01 -8.111190735785767277e-04 2.703139689941805204e-04 -2.248146848277132747e-04 -4.759252514562494587e-07 6.695522779487032006e-01
4.441291780998666422e-02 -6.576203697504795498e-02 -1.786544218365515579e-01 -6.404054586364675951e-04 -2.696006790276503449e-04 -3.277651049598225073e-05 1.430916197246628598e-06 9.352045399865149822e-02
6.183288958389462908e-02 -4.354988663706981650e-02 -1.058613747733924138e-01 -5.419446523139649294e-04 -1.277037629182656243e-03 1.086244470816630572e-03 9.876432843657155503e-07 7.693006677162297913e-02
7.382302225648917915e-02 -3.445898767198440210e-02 -9.974941012802997220e-02 -6.938180565979320874e-04 -1.027077953032975825e-03 8.859404192971723864e-04 1.500499895775347926e-06 7.758967303542688154e-02
1.893306839385588622e-02 1.416633773241948203e-02 -9.080817237332809710e-02 -7.228425774443656684e-04 -1.350756620989846779e-04 4.242500757496308911e-04 -1.043964318670255244e-07 1.921911160462518864e-01
-8.267060662032138865e-03 -5.999542591569378969e-02 -1.373049420661876519e-01 -4.441849974427999870e-04 -7.627781440731563802e-04 8.772160854382348273e-04 -1.551689519884199637e-07 2.741785989387040545e-01
-6.116450935770901577e-04 1.085645215752236575e-02 -1.257831375423481002e-01 -2.319846393479716394e-04 -1.073058242941429125e-03 1.820348199430766234e-03 2.858437866479462635e-07 1.421055650856000718e-01
4.095711602206344613e-04 -3.501430992224695456e-03 -1.035085111728448332e-01 -5.955478498220333639e-04 -7.001713330691268326e-04 1.250549698056471672e-03 1.048005027573713506e-06 4.300383122162002025e-02
4.741419010318909111e-02 -8.384584146494540591e-02 -9.203878570658363678e-02 -7.763632029989279634e-04 -9.344067473002742180e-04 3.250794354793183866e-04 1.100164433368295762e-06 8.407778623612499613e-02
2.511917419112726785e-02 -1.135547408339312725e-01 -1.281318053760737707e-01 -7.766544108161882454e-04 -9.692579381101513623e-04 -1.860291645678899047e-04 6.971787929234963704e-08 2.292626181273040575e-01
2.407890694036687700e-03 -9.652338103688622162e-02 -2.165166780134964442e-01 -9.629838454749132170e-04 -4.414826534503823313e-04 7.115170944403589057e-04 -8.176290480350253261e-08 2.797380749061393890e-01
2.169240206216976885e-02 -9.167383074506214868e-02 -1.475600263992583872e-01 -4.777872446049629372e-04 -1.001930443696865541e-03 7.616457881926381405e-04 -1.473207988957127856e-07 2.461182962145875008e-01
1.980583049557612871e-02 -1.304532611384875973e-01 -1.505465620707463759e-01 -7.663102533824892254e-04 -9.298896587234344556e-04 -2.199323292237540201e-05 8.254881399380122676e-07 1.647910415241058413e-01
4.702674926207424388e-02 -1.765965024741459333e-01 -1.632438550845093927e-01 -7.794157813191972652e-04 -9.411722715065815341e-04 -4.937931350572265449e-04 2.283468311782102220e-07 3.018201682046437462e-01
5.886520687981804112e-02 -2.470550986863605802e-01 -2.423835388849706063e-01 -1.251374126196131429e-03 -9.404091093302517895e-04 -1.519744925405484620e-03 -4.675908855284598334e-07 5.576500009509235412e-01
3.772418545810225093e-02 -3.694677322056890145e-01 -3.296657075254016411e-01 -1.505296703757888922e-03 -1.768844719067594632e-03 -4.729823257334434114e-04 -1.204974916343520315e-06 6.949778775799245745e-01
3.427252160579449120e-02 -1.472455933508035331e-01 -1.625136924109976122e-01 -8.905448272700856090e-04 -7.438957212707767797e-04 -1.006891334094172459e-04 -8.487538001669411349e-07 4.646375655349700984e-01
2.494438303087460895e-02 9.111022911510932576e-02 -7.314843283808997176e-02 -1.180884002426176981e-03 -3.717675528652267507e-04 2.582458414393154923e-03 2.331357111279153884e-06 -1.442261736395993310e-01
5.149303649396744231e-02 2.717779357739230628e-02 -6.901820877192529902e-02 -1.027657675311403982e-03 -9.193691240439058566e-04 1.594024735977299595e-03 3.466023510070547982e-06 -9.945802344339958745e-02
4.232079615454555771e-02 -2.979921174414677798e-02 -2.710927520019930648e-01 -4.251105670642218873e-04 -1.921274847115494230e-03 1.795858073717449899e-03 2.120952183756643707e-07 2.133018021301974210e-01
-2.549816749546720759e-02 -8.711448554777484476e-03 -7.528370045765975238e-02 -2.971057573314971924e-04 -9.319058787237387547e-04 1.228695989802474275e-03 -1.962568580561411546e-07 2.572147203474514088e-01
3.866032447528943566e-02 2.526810958919271238e-02 5.048601740625410089e-02 -7.865856936847160242e-04 -6.231578795556933035e-04 9.779362296000850344e-04 1.370118452586447323e-06 -1.286300185497245008e-01
3.086999676992514124e-02 -9.840514975226338779e-03 -9.444776716453215371e-02 -2.348306626142606605e-04 -9.689684958815127829e-04 9.098252494836934264e-04 9.461345437190793476e-09 1.378422819174814073e-01
6.152685147707240981e-02 -4.874980934317296732e-02 -5.918274206430312878e-02 -2.064978669011958870e-04 -9.570193727447845076e-04 3.384457261759539395e-04 -3.514545630845056407e-07 2.004817602104931595e-01
3.719362584997296800e-02 -1.105843107970909817e-01 3.770164124100500169e-02 -2.470894130659390163e-04 -9.270865647416522397e-04 -1.114068356375224863e-03 8.112310775406282363e-07 1.221487532685526234e-01
5.569833402087725691e-03 -2.658962015165647341e-02 -3.430859007617008405e-02 -5.398487371859591938e-04 -6.456724923276744720e-05 -9.241338573666531742e-05 4.170416347433541613e-08 1.222271140472738493e-01
3.516661363578622163e-02 -4.987032426053408796e-02 -3.084299739278321267e-02 -5.212603369045027291e-04 -6.493531585434903766e-04 2.209914920689837572e-04 4.378738993482031197e-07 6.352242910176884860e-02
4.568308973688231522e-02 -4.787951038981926727e-02 -7.446329450143945872e-02 -2.876864885406328035e-04 -9.115912788914171290e-04 4.040009217783152519e-04 1.037286652878595854e-07 1.438126590859886700e-01
2.778247315607242432e-02 -3.898782151675096036e-02 -7.929928478029914241e-02 -3.289258782137212942e-04 -8.663417131612572266e-04 3.224673439356093231e-04 5.596685197931715607e-07 9.797515675408281777e-02
2.232567004007428996e-02 -1.349073824893264884e-01 1.996040124522557857e-02 -5.229823171917207664e-04 -9.737261587596647647e-04 -1.038191579966033472e-03 -1.738280049087835719e-06 2.732340978606563331e-01
1.655105302480081031e-02 -4.386962374920790747e-02 -4.055664351002179202e-02 -6.626139353169531671e-04 -1.456142272181095809e-04 -2.845373401633365888e-04 1.569465291119724231e-08 1.825831260877763262e-01
5.976510193241293609e-04 8.373893933944708337e-03 -3.231485352362849228e-02 -4.607785368714750231e-04 -8.607959015308278830e-05 1.842253529463393289e-04 2.818354196170933534e-07 7.121402521698011467e-02
4.002532986264968617e-02 -3.860729305942519479e-02 -7.493970375825324826e-02 -4.420438125814279626e-04 -3.915501502955017962e-04 1.198636217737893844e-04 4.235332675669221962e-07 1.448165629861579429e-01
4.687471004376043276e-02 -7.070273184273292988e-02 -3.845970204895116790e-02 -4.676548108429219586e-04 -5.013861857627030039e-04 -4.253174060606071025e-04 9.477158360330238045e-07 8.035354221880872116e-02
3.650192102521309517e-02 -1.203733416624373498e-01 -3.225670310408604302e-02 -7.760437099623999826e-04 -4.190984337076181774e-04 -1.246224652973922532e-03 -5.614011628372760981e-07 2.558675668782389723e-01
4.562305239475719643e-02 -1.180565695886987981e-01 -7.400103148620834626e-02 -1.074254085064954393e-03 -6.849089215418319079e-04 -6.407707955219375286e-04 1.147879097731185455e-06 4.155541215350083001e-02
1.651990511632915604e-02 -6.505074255205199607e-02 -4.022171023890624281e-02 -6.178625261733079960e-04 -5.514122406429254391e-04 -7.130394334249930816e-05 -9.969567521608788456e-07 2.621074656743164200e-01
3.962653865972892708e-02 -1.156190093867739965e-01 -4.028072250809566768e-02 -8.223033208939332017e-04 -6.323093622325465365e-04 -9.037848877892727933e-04 3.648035956875866732e-08 2.451980775682332248e-01
4.710412644758014966e-02 -1.642137385238129077e-01 -3.926225221517285618e-02 -8.752773180611718440e-04 -8.231532788092841158e-04 -1.196572720705325844e-03 -8.231379344831183382e-07 3.970861292165795975e-01
8.415257465453461483e-02 -7.130930384438723124e-02 -1.289839494589518354e-01 -1.287662001156975522e-03 1.438786091346439802e-03 -1.916712168495067611e-03 8.079752458764003430e-07 5.148243586436617170e-01
8.290178749292703708e-02 -2.654193556288726441e-01 -1.159721698984006177e-01 -1.728833689025695590e-03 -1.296136558250957430e-03 -1.362285037457368125e-03 -2.416093483399829422e-06 8.286618341896377915e-01
5.914994698234104370e-02 -1.609249193344670648e-01 -9.691253297337937278e-02 -1.051590943076440758e-03 -1.121515156504242910e-02 7.917072119844876903e-05 2.096043270183709506e-07 2.868070309503953363e-01
