# see "template_together()" in core.py; columns are mu1 mu2 mu3 nu4 nu5 nu6 zeta1 zeta2
8.239736750708322177e-02 1.236292959586579449e-01 -2.126782031435067461e-03 -1.046662403923342326e-03 1.544966721973126838e-04 -8.893581673516507986e-04 2.290015386655719868e-07 2.830779668249607806e-01
5.767197742681290373e-02 2.387323284866847695e-02 -1.656884299308037734e-03 -8.810263513889305710e-04 -1.002831848091983611e-03 -2.916361394359480420e-04 -8.423143422476668264e-07 4.634413922268529329e-01
8.933268497633638228e-02 1.487559522078425456e-01 -3.328430235783115965e-03 -1.493741141620772653e-03 5.005944772799373992e-04 -7.529441461844460243e-04 -1.122737886345520477e-06 6.762314162076761281e-01
1.286887645824751625e-01 2.230488184648022065e-01 -3.599296407066277913e-03 -1.723388052687526827e-03 7.867268468881291393e-04 -1.505143426236459341e-03 -2.389515425421176227e-06 8.224995931797325355e-01
6.180003223710940630e-02 8.590742745620051635e-02 -1.662683154675578421e-03 -1.069255646473553801e-03 3.204467318605651651e-06 -7.220702324779001069e-04 1.151060578167531911e-06 4.033286001002740068e-02
1.764598965752919163e-02 -1.029433513316289350e-01 -6.110145471493416778e-04 -9.611444925458818324e-04 -1.344435647808162526e-03 5.851933804396965838e-04 -7.633410433585616757e-08 2.777139018009097127e-01
4.223638720414134295e-02 -4.871507819193443556e-02 -5.490367877417509862e-04 -4.660224154822527874e-04 -2.171984660678729240e-03 5.561737274043695696e-04 -1.796609421837459420e-07 2.540601123521191163e-01
2.672742686607118903e-02 4.281462033820368496e-02 -7.951918347523106740e-04 -6.164544752273791537e-04 -5.743330869142041373e-04 -1.836990869085908154e-04 -9.831225416028556733e-07 2.597705094860449648e-01
4.499075037469769250e-02 -2.012998066084864188e-02 -8.447365665505007521e-04 -4.414764883675209020e-04 -9.365253980377204147e-04 -2.757817877154316310e-06 4.322044140270983208e-07 1.433768750765554434e-01
2.395089552398644607e-03 -1.047609402425344616e-01 3.470319114173807265e-04 -5.948039178769798027e-04 -3.105901179753718742e-03 9.625789724823010252e-04 1.049952416249962894e-06 4.259782874088142990e-02
6.446626419712919720e-02 1.246043380437895053e-02 -7.113617457027217750e-04 -7.736281506959722483e-04 -2.722020071361372015e-03 -1.963215778402560243e-05 1.115500182257837439e-06 8.190759522065683973e-02
5.842961490198843311e-02 5.706627182583784430e-02 -1.087797026828965421e-03 -4.654294723974405066e-04 -7.515877942767889381e-04 -5.666497378701582186e-04 9.616902078631932645e-07 7.832033329671352073e-02
5.667678408503986492e-02 1.389977323699776723e-01 -2.131757043639393497e-03 -7.731533959083750421e-04 -3.910135039411266264e-04 -1.365227805791646406e-03 -5.394051562946199116e-07 2.529949665375229584e-01
4.317088737116615837e-02 2.854972268770944455e-02 -2.109321115326689543e-03 -7.742008279267179136e-04 -1.346613433435260750e-03 -4.421939716522612133e-04 9.402155571425880582e-08 2.262838013195005160e-01
9.463660508394169946e-02 1.075972356951678116e-01 -4.583681353309105970e-03 -1.250034664701568220e-03 -1.485680727539347851e-04 -1.666550939774147323e-03 -4.375004037452931460e-07 5.527967769893930017e-01
8.631324767374962126e-02 -1.879362213221724438e-03 -3.425485782890729924e-03 -1.289651304831657911e-03 -1.792460914032479322e-03 -1.960733972564576277e-03 8.382607449772743104e-07 5.100839818702463946e-01
7.305394913820659197e-02 1.815939987349743656e-01 -2.175304841842086792e-03 -8.698659971044569918e-04 1.115672683887218618e-04 -1.327392420980895698e-03 -7.943479315968349538e-07 3.927241136303556979e-01
7.370132481492727705e-02 6.908458717999373111e-02 -2.459288289257685525e-03 -7.748259158954713720e-04 -8.782599223918667120e-04 -6.918507550784085830e-04 2.598400283357176689e-07 2.967373464612325651e-01
3.270327555668118419e-02 1.991990605954776714e-02 -1.684099849178734374e-03 -7.667417346987006775e-04 -1.092419019699557813e-03 -2.267420277280568215e-04 8.842326308923402453e-07 1.521629982724704289e-01
5.448229452660992983e-02 1.189366611524303036e-01 -1.828327929207935456e-03 -8.179895574253882688e-04 -1.355564713889280013e-04 -1.031002287949685193e-03 1.001565558515565815e-07 2.366732891200006850e-01
2.278915786674082233e-02 -1.119081396355468550e-01 -1.018354584584138219e-03 -4.169530067421811041e-04 -2.864799884773006067e-03 8.090775725629797271e-04 5.588646971163688882e-07 2.636040362522927838e-01
4.459433781634731392e-02 -6.147300901484667457e-02 -1.743378417690621962e-03 -6.400049110101295371e-04 -2.920583529275341469e-03 -2.089316756766751557e-04 1.440861983651930442e-06 9.062970322148708457e-02
1.059401494947161820e-01 -1.328283208142319316e-01 -2.916354411507017606e-03 -8.071812852121248820e-04 -2.235666732598931040e-03 -3.439051953161626927e-04 -4.580782439645356494e-07 6.646558428070454827e-01
5.621211836380596294e-02 -1.753917437447320704e-02 -4.563830947983530165e-04 -5.849719962447696162e-04 -3.059519767425139189e-03 3.187327598475893733e-04 4.505617666768356324e-07 2.289318266111805000e-01
4.626792941264532000e-02 -1.071786584253183044e-01 1.554939570658834614e-03 -4.861523648698396404e-04 -5.463004176077703236e-03 1.409943800644360146e-03 1.386661683082332682e-06 -6.580465117126381436e-02
2.355248505335081829e-02 -4.256276420048833720e-02 1.859123110689586147e-04 -1.076000773564494251e-04 -5.794408443130058713e-03 1.832672970673827700e-04 1.649635364277980554e-06 6.307435529608855507e-02
2.281234737969245474e-02 -2.207854185198191987e-01 8.704149574215871250e-04 -5.563208734327907334e-04 -5.621833032428816268e-03 2.331235116870690287e-03 1.999745386905692296e-06 7.538079325805814579e-02
2.988481167960803722e-02 6.412170812311063228e-02 -1.698658380879311839e-03 -6.200387601368051189e-04 -2.201971569725238824e-03 6.087791625254960386e-04 2.101433298139872870e-08 2.791955164672012546e-01
3.697696061513812416e-02 -2.599333402703752349e-01 5.869492373194409212e-04 -3.264805127462152559e-04 -5.955611398489353038e-03 1.715006847115777520e-03 7.768996764823716227e-08 3.301673482546010341e-01
6.610383407642220210e-02 -1.025667034196700994e-01 1.729896194633360074e-03 -8.303339513977680154e-04 -9.411100135614915499e-03 8.333474490273301994e-04 3.293606795413365085e-06 -6.611798966019422075e-02
4.562682212818894995e-02 -1.787333288123263420e-01 2.139457266616932515e-03 -5.933063494454092826e-04 -9.890197797042667854e-03 1.005701099898703797e-03 2.425880598820080002e-06 -1.244329584257439641e-01
2.244549870455768426e-02 -7.854493986816261930e-02 1.403224847131465244e-03 -1.315149918146923068e-04 -7.120833446406195019e-03 1.013151609507397140e-03 1.087308195005821158e-06 -9.491007151977428127e-03
5.467942556953389599e-03 -7.347857874276278456e-02 2.455685533489780550e-03 -1.686553274334861446e-04 -5.253462409181555368e-03 1.878312332131686991e-03 5.012252637929597579e-07 1.345507661191183146e-01
-2.418834636061532525e-02 -1.515195415713857519e-01 1.950476771970323419e-03 1.149082028221746284e-04 -5.090810982878531468e-03 1.346303290723665927e-03 6.408250002084690186e-08 2.635224830543569374e-01
3.071004089665742634e-02 -1.422326148986198802e-01 2.764574771908120867e-03 4.554064822629485901e-07 -9.241308634091999555e-03 1.932199517506939974e-03 7.271367257005590501e-07 5.780790633584520499e-02
6.616510854866548830e-02 -3.308695910354996217e-01 3.596023786635487926e-03 -6.085225761041577726e-04 -1.364563472638034326e-02 1.989106981795452696e-03 2.321649253655335604e-06 -6.078202912411503206e-02
1.182715865582452813e-01 -3.157853684779173276e-01 4.565710304963394549e-03 -1.524296266827150723e-03 -1.566077931025887729e-02 1.799314975110353565e-03 6.112502360846919881e-06 -2.169952143333314376e-01
6.382197434373398925e-02 -1.746282739032012921e-01 2.417489867744220325e-03 -1.068547088991367864e-03 -1.303685420573399804e-02 1.575576470073359009e-04 5.090481458457451241e-06 4.748099650642179093e-02
5.433976137647970189e-02 -8.220272476451110366e-01 6.128544216578477033e-03 -1.670636962961121949e-03 -1.726201991430072885e-02 7.524520494416524034e-03 5.639480129588742303e-06 2.506324921519234028e-01
2.297582287817783245e-02 -8.794428801948972474e-01 1.328517298973673315e-02 -2.100234307299003820e-03 -2.327708171764486175e-02 1.080004698541771162e-02 7.206937042581044157e-06 -1.915842119162216861e-01
-6.121745234597700258e-02 -5.301802259674306406e-01 8.049028315233238556e-03 8.155317128183985813e-04 -1.876956245510500582e-02 6.825909851431949914e-03 1.883638974548886014e-06 8.340738567134452219e-02
-4.660509627425499235e-02 -2.705638647661257057e-02 4.122490196023374971e-03 1.644635349527778009e-03 -1.152634526269265443e-02 4.426362993415481478e-03 1.353014973932402649e-07 3.410518095634330615e-01
-4.631252934750984540e-02 7.578694755375565972e-02 3.334634910202267672e-03 9.317783933329748828e-04 -9.209713837671787418e-03 4.260312433532404026e-03 -9.642005916544831326e-08 3.657509094584331932e-01
-5.426227810351469394e-02 4.071465651554722620e-01 2.504800511516920569e-03 1.225557879039650480e-03 -8.434983505124072842e-03 3.009653911232313718e-03 4.209615561508380508e-07 1.907130121624974750e-01
-3.318011080722113593e-02 -1.798480366277578624e-02 7.242478538030033830e-03 9.317073918003762568e-04 -1.229930648568824253e-02 5.247112413568933396e-03 1.968852060864581841e-06 -2.864901163331058376e-01
3.769912331231616703e-02 -3.436591234786901539e-01 6.769858858825352106e-03 -7.104540109387392924e-04 -1.396029776685309663e-02 4.587034763183796791e-03 4.026170025482555191e-06 -4.884254627698286222e-01
1.573894879163707100e-02 -2.980736380120412310e-01 4.070775051954801139e-03 -7.327855032340694448e-04 -1.268207909932564902e-02 3.248271485042006617e-03 4.647702806265348107e-06 -2.022968110738526948e-01
1.435786607447274432e-03 -2.265603649169892486e-01 2.044722937222256953e-03 -3.242355229973222365e-04 -8.237708554101353178e-03 2.187939074733496591e-03 5.411720079724194420e-07 3.346947244785218323e-01
-9.070040482986169855e-03 -2.462044573446886264e-01 1.087002092341588042e-03 -6.280030266195986942e-04 -4.338866967672043440e-03 2.680740264110430607e-03 2.444665375265325174e-07 2.398376806845625153e-01
-3.470472899291161123e-02 -2.466927518545617148e-01 4.114380286598229471e-03 -2.374704439053170065e-04 -8.148688530634221744e-03 3.461454945142227162e-03 2.891924483240250924e-06 -1.210196756458939565e-01
2.728627123547910927e-02 -1.536475044392396350e-01 2.632990917256329035e-03 -4.325348237077492422e-04 -8.343382754660729622e-03 2.829898818814985395e-03 2.713535558600898267e-06 -2.669329213295465464e-01
3.186886241325122965e-02 -9.303810278096845410e-02 1.034842519406796012e-03 -1.080974281831325782e-04 -6.876249796410958091e-03 1.335627104914613493e-03 1.965266469837256358e-06 -2.351301352029780689e-01
1.375024337080126349e-02 1.279251858274522702e-01 -2.444548793774683191e-04 2.597035557276204058e-04 -5.572137855464214667e-03 -5.853155139838695604e-04 1.594092833017909938e-06 -1.231416523024022186e-01
8.242378888478736620e-02 -6.350035094631406585e-02 -4.354489709224724538e-03 -5.261169661786968110e-04 -4.651355450530630410e-03 -1.838576749151105052e-03 3.697550184661584929e-06 -4.192364931353602664e-01
2.500356949095377743e-02 -1.793253220957147787e-01 -1.942712678684654134e-03 -9.555242884224532060e-05 -4.127758425349573740e-03 -1.778557788121418496e-04 8.943134006259343367e-07 1.483448250615932995e-01
-1.311469959607288599e-03 -1.438120512571697540e-01 2.276419727555029364e-04 -3.422380945568908261e-04 -5.253075400030721501e-03 1.579277134089128931e-03 1.884564222925776251e-06 -5.799977758051728938e-02
-2.535699590904708436e-02 -1.026380323919847959e-01 -8.189775513186869135e-04 -2.721916635591082375e-04 -3.788409466108100861e-03 6.256301670363071613e-04 8.428666093852089956e-07 1.471890595093862664e-01
-6.932967174817189493e-02 -2.845228404626738983e-01 -1.631246801416922883e-03 -7.734625348662730595e-04 -3.153102657410456443e-03 1.386254843368255616e-03 -2.912376567366741097e-07 4.216936759520357736e-01
5.259153637058482100e-02 3.164960687598222799e-02 -3.882473963575133746e-03 -1.087525049219211382e-03 -5.170652546413543726e-04 -1.589160604468486926e-04 -5.008690579392903249e-07 5.110570584935528737e-01
3.468506434132376248e-02 -2.388588712864870081e-03 -1.511175656998907119e-03 -7.785769896378527937e-04 -1.706567516152853944e-03 1.122385627519981773e-03 -7.745845030128022356e-07 4.704983113275022499e-01
8.236345350496794560e-02 -5.737685923809348471e-02 -9.670217889856711315e-06 -6.918414160303024444e-04 -4.865723219402320714e-03 3.025436105713349803e-04 1.522655119976775717e-06 7.414362396082925522e-02
3.337873479602801452e-02 -2.283913987479662538e-02 -7.990059156955705687e-04 -3.279466920640253030e-04 -1.025441486703953598e-03 1.336476873711920049e-04 5.671159903896983896e-07 9.697176111712071944e-02
4.901653868293917582e-02 2.000335082632243855e-01 -1.607445028252910742e-03 -5.184947975305894069e-04 -3.070778496776381994e-04 -1.236562306019368994e-03 -1.692520459997968807e-06 2.683135307543674242e-01
1.195014800042196353e-02 -9.800877542792854613e-02 -8.448763368425185518e-04 -7.245442573718309130e-04 -3.730079329054300594e-03 3.844156255976883564e-05 -1.205754803963638268e-07 1.935512923949995190e-01
4.873037087916594345e-02 -2.351445473759609106e-01 -4.286674027094671533e-04 -4.245527842592465985e-04 -4.497897915194633452e-03 9.989322040412276088e-04 2.272363263702169804e-07 2.121594383746812362e-01
6.339313937142299071e-02 1.861191916447295369e-01 -1.263030616346369180e-03 -2.437258713020220430e-04 -8.161269873680647218e-04 -1.348425639930019015e-03 8.334418601399556256e-07 1.202531681719773426e-01
7.128649841502833484e-02 4.442651888283625627e-04 -4.308388199041379208e-04 -2.049388621699332338e-04 -1.696554440213684373e-03 5.477849117657527947e-05 -3.356005013727400563e-07 1.985793905703816808e-01
5.211582121867724959e-02 -1.237062141563974871e-01 1.614295836314078069e-03 -1.025555415968466529e-03 -7.811392439486879516e-03 6.764357085859907430e-04 3.474857307076290775e-06 -1.004911459760221976e-01
1.412212456451830689e-02 -2.103558815448380581e-01 2.138727626152683945e-03 -1.187981932945740473e-03 -7.545580036479540391e-03 1.976633477114433674e-03 2.324617346289484707e-06 -1.430228930365416429e-01
3.223954460923126458e-02 -7.933026408664178852e-02 -3.607788952043021469e-04 -2.346666141288819096e-04 -1.692153571683909907e-03 6.886861604226653718e-04 1.413234266614574297e-08 1.370827038485403493e-01
4.413554099697961780e-02 2.980330370882953994e-02 -9.655898770818690613e-05 -5.180840618819139085e-04 -1.486375618023164612e-03 3.711978048485202182e-05 4.449641801973903919e-07 6.146310234893687108e-02
4.009901884157057728e-02 -2.166592069776449372e-02 1.901947623637956783e-03 -7.873092487160570068e-04 -5.473800418768333398e-03 6.439110303741872642e-04 1.364595668328250664e-06 -1.272734909712902041e-01
-2.151677948489315664e-02 -8.898858435002886258e-02 7.470883940200684446e-04 -2.877933119489018777e-04 -2.662600872882316116e-03 1.063855468377621028e-03 -2.071876253495137776e-07 2.609880101569775901e-01
9.994883373450953734e-03 1.634663855836480419e-03 -2.988586931967215313e-04 -5.410907145527354880e-04 -1.088223497444636406e-03 -1.755298796133405591e-04 5.308561136916939855e-08 1.199234786000217268e-01
2.155462425403097126e-02 1.624179823696604574e-02 -7.877472514612243390e-04 -6.578447683910142131e-04 -7.587302258041522807e-04 -3.654011600423144233e-04 8.002311825682543130e-09 1.838173625322117311e-01
4.681112612363110166e-04 -7.213809876711844982e-02 1.071803554721770984e-04 -4.443273849854143193e-04 -1.987471887231044478e-03 6.490256163877183328e-04 -1.328382852919585353e-07 2.669319791217776849e-01
-7.112012840568321566e-04 -1.474432466849019685e-01 6.560736500830717565e-04 -2.293192636659808039e-04 -3.538123699695874379e-03 1.518629498269426226e-03 2.902193146513607268e-07 1.409731000507349064e-01
-1.803046195050139223e-03 -3.882073012058203515e-02 -9.479532631128623579e-05 -4.611204119448571626e-04 -1.492010246520587792e-03 6.375475961529407333e-05 2.830560209561224364e-07 7.098556601794260568e-02
5.335712836981832546e-02 -1.214424190491886560e-02 -6.017727462562401635e-04 -2.864659363409297749e-04 -1.099575250911157074e-03 2.173069550952484231e-04 1.117595281158672892e-07 1.424378113812641011e-01
7.075419122929918481e-02 -5.910921264352755194e-02 1.492627562313922265e-04 -5.390506623325918862e-04 -4.572765571541666761e-03 6.095355654234345518e-04 9.982149810029860617e-07 7.500531802336615761e-02
