# see "issues/3a_collect_metadata.py"; columns are theta, m1, m2, eta, delta, chi_eff, chi_p, chi1, chi2, a1, a2, chi1_L_x, chi1_L_y, chi1_L_z, chi2_L_x, chi2_L_y, chi2_L_z
1.581616059468665458e+00 8.888898888808890453e-01 1.111101111191110519e-01 9.876465432620985807e-02 7.777797777617779795e-01 -7.693753086015438052e-03 7.999388697990187369e-01 -8.655462484449970642e-03 0.000000000000000000e+00 7.999856951509515257e-01 0.000000000000000000e+00 -9.610085609235152759e-10 -7.999388697990187369e-01 -8.655462484449890845e-03 0.000000000000000000e+00 0.000000000000000000e+00 0.000000000000000000e+00
1.056594014662361136e+00 8.888887777785554611e-01 1.111112222214444417e-01 9.876551851790123238e-02 7.777775555571111443e-01 3.497482912399268451e-01 6.965385319373660344e-01 3.934668768279330209e-01 0.000000000000000000e+00 7.999888184432260019e-01 0.000000000000000000e+00 -3.778180395763719446e-07 6.965385319372635609e-01 3.934668768279329654e-01 0.000000000000000000e+00 0.000000000000000000e+00 0.000000000000000000e+00
5.289256513318855157e-01 8.888898888808890453e-01 1.111101111191110519e-01 9.876465432620985807e-02 7.777797777617779795e-01 6.139272584382843290e-01 4.036776484743051507e-01 6.906673887484734431e-01 0.000000000000000000e+00 7.999856784707958246e-01 0.000000000000000000e+00 -4.240806300570554299e-08 4.036776484743028748e-01 6.906673887484734431e-01 0.000000000000000000e+00 0.000000000000000000e+00 0.000000000000000000e+00
2.622982013566937720e+00 8.888898888808890453e-01 1.111101111191110519e-01 9.876465432620985807e-02 7.777797777617779795e-01 -6.175958201045077534e-01 3.965320601318972904e-01 -6.947945159799937542e-01 0.000000000000000000e+00 7.999856837146027688e-01 0.000000000000000000e+00 -9.847706064491923428e-08 -3.965320601318851335e-01 -6.947945159799938653e-01 0.000000000000000000e+00 0.000000000000000000e+00 0.000000000000000000e+00
2.103345954916227001e+00 8.888898888808890453e-01 1.111101111191110519e-01 9.876465432620985807e-02 7.777797777617779795e-01 -3.610474932009091198e-01 6.891999689186569800e-01 -4.061779729044587839e-01 0.000000000000000000e+00 7.999857141413545536e-01 0.000000000000000000e+00 8.103274898585421937e-07 6.891999689181805833e-01 -4.061779729044587839e-01 0.000000000000000000e+00 0.000000000000000000e+00 0.000000000000000000e+00
1.578882095754892356e+00 8.888896666620000886e-01 1.111103333379999808e-01 9.876482716351851765e-02 7.777793333240000662e-01 -4.312311450415975446e-03 5.999726722223988062e-01 -4.851346136815572196e-03 0.000000000000000000e+00 5.999922857612631777e-01 0.000000000000000000e+00 -9.673761447274997760e-09 -5.999726722223988062e-01 -4.851346136815530563e-03 0.000000000000000000e+00 0.000000000000000000e+00 0.000000000000000000e+00
1.054179233510804004e+00 8.888896666620000886e-01 1.111103333379999808e-01 9.876482716351851765e-02 7.777793333240000662e-01 2.634320440955049691e-01 5.216897798658740593e-01 2.963607902933074190e-01 0.000000000000000000e+00 5.999916203079656007e-01 0.000000000000000000e+00 7.421639668103718890e-08 -5.216897798658688412e-01 2.963607902933074190e-01 0.000000000000000000e+00 0.000000000000000000e+00 0.000000000000000000e+00
5.275981927894652923e-01 8.888896666620000886e-01 1.111103333379999808e-01 9.876482716351851765e-02 7.777793333240000662e-01 4.608038128975151526e-01 3.020714246286504423e-01 5.184038359090696879e-01 0.000000000000000000e+00 5.999914021570810219e-01 0.000000000000000000e+00 -1.005959661404265404e-07 -3.020714246286337334e-01 5.184038359090696879e-01 0.000000000000000000e+00 0.000000000000000000e+00 0.000000000000000000e+00
2.622059215560842205e+00 8.888896666620000886e-01 1.111103333379999808e-01 9.876482716351851765e-02 7.777793333240000662e-01 -4.629544914275297574e-01 2.978809978725097118e-01 -5.208233471382764934e-01 0.000000000000000000e+00 5.999917064575475134e-01 0.000000000000000000e+00 -4.297935516373030396e-07 2.978809978721996821e-01 -5.208233471382766044e-01 0.000000000000000000e+00 0.000000000000000000e+00 0.000000000000000000e+00
2.101077772082063699e+00 8.888896666620000886e-01 1.111103333379999808e-01 9.876482716351851765e-02 7.777793333240000662e-01 -2.697438121523565990e-01 5.175917424642243470e-01 -3.034615231441615824e-01 0.000000000000000000e+00 5.999917565234763606e-01 0.000000000000000000e+00 3.909195266105225386e-07 5.175917424640767983e-01 -3.034615231441615824e-01 0.000000000000000000e+00 0.000000000000000000e+00 0.000000000000000000e+00
1.576122493503503641e+00 8.888893333320000423e-01 1.111106666679999994e-01 9.876508642059260434e-02 7.777786666640000846e-01 -1.893727500120977614e-03 3.999916531785279172e-01 -2.130442372418109125e-03 0.000000000000000000e+00 3.999973267375594999e-01 0.000000000000000000e+00 4.536199751329489382e-09 -3.999916531785278617e-01 -2.130442372418067491e-03 0.000000000000000000e+00 0.000000000000000000e+00 0.000000000000000000e+00
1.051837775852234591e+00 8.888893333320000423e-01 1.111106666679999994e-01 9.876508642059260434e-02 7.777786666640000846e-01 1.763458301664281302e-01 3.473318967975229654e-01 1.983889597430493479e-01 0.000000000000000000e+00 3.999970323401091932e-01 0.000000000000000000e+00 1.960778876347601951e-07 3.473318967974675653e-01 1.983889597430493201e-01 0.000000000000000000e+00 0.000000000000000000e+00 0.000000000000000000e+00
5.262723163514143598e-01 8.888893333320000423e-01 1.111106666679999994e-01 9.876508642059260434e-02 7.777786666640000846e-01 3.074419583171105197e-01 2.009241560284497630e-01 3.458720301712530643e-01 0.000000000000000000e+00 3.999974721551737833e-01 0.000000000000000000e+00 -3.628437482416924098e-08 2.009241560284464601e-01 3.458720301712531198e-01 0.000000000000000000e+00 0.000000000000000000e+00 0.000000000000000000e+00
2.620571781706229952e+00 8.888893333320000423e-01 1.111106666679999994e-01 9.876508642059260434e-02 7.777786666640000846e-01 -3.083753650936100765e-01 1.991049020086817778e-01 -3.469221122697755955e-01 0.000000000000000000e+00 3.999971424718051227e-01 0.000000000000000000e+00 1.134676414094676344e-03 -1.991016687858795375e-01 -3.469221122697755955e-01 0.000000000000000000e+00 0.000000000000000000e+00 0.000000000000000000e+00
2.098945100117146190e+00 8.888893333320000423e-01 1.111106666679999994e-01 9.876508642059260434e-02 7.777786666640000846e-01 -1.791758358166124776e-01 3.454942221612282705e-01 -2.015727145076341431e-01 0.000000000000000000e+00 3.999972709666508308e-01 0.000000000000000000e+00 -1.041453639161193934e-07 3.454942221612125053e-01 -2.015727145076341431e-01 0.000000000000000000e+00 0.000000000000000000e+00 0.000000000000000000e+00
1.570796326794896558e+00 8.888890000000000402e-01 1.111110000000000014e-01 9.876534567899999950e-02 7.777780000000000804e-01 0.000000000000000000e+00 2.000003406249117044e-01 0.000000000000000000e+00 0.000000000000000000e+00 2.000003406249117044e-01 0.000000000000000000e+00 0.000000000000000000e+00 2.000003406249117044e-01 0.000000000000000000e+00 0.000000000000000000e+00 0.000000000000000000e+00 0.000000000000000000e+00
1.047196544950011354e+00 8.888890000000000402e-01 1.111110000000000014e-01 9.876534567899999950e-02 7.777780000000000804e-01 8.888882638889668286e-02 1.732045348238635540e-01 9.999991718751911896e-02 0.000000000000000000e+00 1.999994858019931432e-01 0.000000000000000000e+00 0.000000000000000000e+00 1.732045348238635818e-01 9.999991718751911896e-02 0.000000000000000000e+00 0.000000000000000000e+00 0.000000000000000000e+00
5.235997818448854257e-01 8.888890000000000402e-01 1.111110000000000014e-01 9.876534567899999950e-02 7.777780000000000804e-01 1.539596057550492725e-01 9.999991718751911896e-02 1.732045348238635818e-01 0.000000000000000000e+00 1.999994858019931432e-01 0.000000000000000000e+00 0.000000000000000000e+00 9.999991718751911896e-02 1.732045348238635818e-01 0.000000000000000000e+00 0.000000000000000000e+00 0.000000000000000000e+00
2.617992871744907912e+00 8.888890000000000402e-01 1.111110000000000014e-01 9.876534567899999950e-02 7.777780000000000804e-01 -1.539596057550492725e-01 9.999991718751911896e-02 -1.732045348238635818e-01 0.000000000000000000e+00 1.999994858019931432e-01 0.000000000000000000e+00 0.000000000000000000e+00 9.999991718751911896e-02 -1.732045348238635818e-01 0.000000000000000000e+00 0.000000000000000000e+00 0.000000000000000000e+00
2.094396108639781762e+00 8.888890000000000402e-01 1.111110000000000014e-01 9.876534567899999950e-02 7.777780000000000804e-01 -8.888882638889668286e-02 1.732045348238635540e-01 -9.999991718751911896e-02 0.000000000000000000e+00 1.999994858019931432e-01 0.000000000000000000e+00 0.000000000000000000e+00 1.732045348238635818e-01 -9.999991718751911896e-02 0.000000000000000000e+00 0.000000000000000000e+00 0.000000000000000000e+00
1.577722958987531454e+00 8.000019999800001003e-01 1.999980000199997887e-01 1.599988000079999584e-01 6.000039999600004226e-01 -4.432911859115426685e-03 7.999612508679456724e-01 -5.541125971217882203e-03 0.000000000000000000e+00 7.999804416154416842e-01 0.000000000000000000e+00 6.223768202808410872e-06 7.999612508437349279e-01 -5.541125971217882203e-03 0.000000000000000000e+00 0.000000000000000000e+00 0.000000000000000000e+00
1.053367823040355811e+00 8.000019999800001003e-01 1.999980000199997887e-01 1.599988000079999584e-01 6.000039999600004226e-01 3.165667919818933029e-01 6.952576184510277368e-01 3.957075007185074100e-01 0.000000000000000000e+00 7.999797385803482097e-01 0.000000000000000000e+00 4.136154177769579832e-07 6.952576184509046131e-01 3.957075007185074655e-01 0.000000000000000000e+00 0.000000000000000000e+00 0.000000000000000000e+00
5.269510651391232647e-01 8.000019999800001003e-01 1.999980000199997887e-01 1.599988000079999584e-01 6.000039999600004226e-01 5.531680084879690984e-01 4.023102546808762225e-01 6.914582819815426884e-01 0.000000000000000000e+00 7.999800602154144569e-01 0.000000000000000000e+00 -2.895526156621031078e-07 4.023102546807720281e-01 6.914582819815426884e-01 0.000000000000000000e+00 0.000000000000000000e+00 0.000000000000000000e+00
2.621709239719329787e+00 7.999994000071999345e-01 2.000005999928000933e-01 1.600003599953200573e-01 5.999988000143998690e-01 -5.554288102072937328e-01 3.974144956236678183e-01 -6.942865334677686961e-01 0.000000000000000000e+00 7.999825447386370580e-01 0.000000000000000000e+00 -3.051476080151438453e-07 -3.974144956235507453e-01 -6.942865334677685851e-01 0.000000000000000000e+00 0.000000000000000000e+00 0.000000000000000000e+00
2.100735469296035607e+00 8.000019999800001003e-01 1.999980000199997887e-01 1.599988000079999584e-01 6.000039999600004226e-01 -3.235004747477688847e-01 6.902530560657483827e-01 -4.043745825083640555e-01 0.000000000000000000e+00 7.999800524931348633e-01 0.000000000000000000e+00 5.255326931963288928e-08 6.902530560657462733e-01 -4.043745825083640555e-01 0.000000000000000000e+00 0.000000000000000000e+00 0.000000000000000000e+00
1.575913529277152447e+00 8.000019999800001003e-01 1.999980000199997887e-01 1.599988000079999584e-01 6.000039999600004226e-01 -2.456191383954389046e-03 5.999771879765540827e-01 -3.070231554440855295e-03 0.000000000000000000e+00 5.999850434919618003e-01 0.000000000000000000e+00 -1.020914486087563799e-09 5.999771879765540827e-01 -3.070231554440855729e-03 0.000000000000000000e+00 0.000000000000000000e+00 0.000000000000000000e+00
1.051322123502942629e+00 8.000019999800001003e-01 1.999980000199997887e-01 1.599988000079999584e-01 6.000039999600004226e-01 2.382781625736250242e-01 5.208354165332067520e-01 2.978469586070808806e-01 0.000000000000000000e+00 5.999852847085560548e-01 0.000000000000000000e+00 2.511315725511886754e-08 5.208354165332060859e-01 2.978469586070808806e-01 0.000000000000000000e+00 0.000000000000000000e+00 0.000000000000000000e+00
5.260308592664008076e-01 8.000019999800001003e-01 1.999980000199997887e-01 1.599988000079999584e-01 6.000039999600004226e-01 4.150974301526372257e-01 3.012549685787243581e-01 5.188704905275418611e-01 0.000000000000000000e+00 5.999842848222444180e-01 0.000000000000000000e+00 7.738579270444301272e-08 -3.012549685787144216e-01 5.188704905275418611e-01 0.000000000000000000e+00 0.000000000000000000e+00 0.000000000000000000e+00
2.621125066400324943e+00 8.000019999800001003e-01 1.999980000199997887e-01 1.599988000079999584e-01 6.000039999600004226e-01 -4.164327673996860435e-01 2.983644158430237558e-01 -5.205396579134761170e-01 0.000000000000000000e+00 5.999857165816763205e-01 0.000000000000000000e+00 1.532566491768694306e-07 2.983644158429844540e-01 -5.205396579134761170e-01 0.000000000000000000e+00 0.000000000000000000e+00 0.000000000000000000e+00
2.099084838483407989e+00 8.000019999800001003e-01 1.999980000199997887e-01 1.599988000079999584e-01 6.000039999600004226e-01 -2.419416358748740226e-01 5.181901701647811942e-01 -3.024262887854311521e-01 0.000000000000000000e+00 5.999855936636595555e-01 0.000000000000000000e+00 -5.205018846488052020e-08 5.181901701647786407e-01 -3.024262887854312076e-01 0.000000000000000000e+00 0.000000000000000000e+00 0.000000000000000000e+00
1.574223044301040098e+00 8.000009999949999617e-01 1.999990000049999828e-01 1.599994000019999973e-01 6.000019999899999235e-01 -1.096532991167115719e-03 3.999918750859368655e-01 -1.370664525636804435e-03 0.000000000000000000e+00 3.999942235282973879e-01 0.000000000000000000e+00 -3.256718371136323523e-10 3.999918750859368100e-01 -1.370664525636804435e-03 0.000000000000000000e+00 0.000000000000000000e+00 0.000000000000000000e+00
1.050320585170860133e+00 8.000009999949999617e-01 1.999990000049999828e-01 1.599994000019999973e-01 6.000019999899999235e-01 1.591318286084949518e-01 3.470284746305279389e-01 1.989145371186905042e-01 0.000000000000000000e+00 3.999946940667261641e-01 0.000000000000000000e+00 1.072620315969996518e-07 3.470284746305113410e-01 1.989145371186905042e-01 0.000000000000000000e+00 0.000000000000000000e+00 0.000000000000000000e+00
5.253766718614565345e-01 8.000009999949999617e-01 1.999990000049999828e-01 1.599994000019999973e-01 6.000019999899999235e-01 2.768401964231821943e-01 2.006131173282399149e-01 3.460498129688743818e-01 0.000000000000000000e+00 3.999951198451639489e-01 0.000000000000000000e+00 1.312026869648708072e-07 -2.006131173281969493e-01 3.460498129688743818e-01 0.000000000000000000e+00 0.000000000000000000e+00 0.000000000000000000e+00
2.619815684564090752e+00 8.000009999949999617e-01 1.999990000049999828e-01 1.599994000019999973e-01 6.000019999899999235e-01 -2.774162791896676028e-01 1.993662579140022817e-01 -3.467699155268574307e-01 0.000000000000000000e+00 3.999953488593789852e-01 0.000000000000000000e+00 7.454024324171637517e-08 1.993662579139883484e-01 -3.467699155268574307e-01 0.000000000000000000e+00 0.000000000000000000e+00 0.000000000000000000e+00
2.097463344813368380e+00 8.000009999949999617e-01 1.999990000049999828e-01 1.599994000019999973e-01 6.000019999899999235e-01 -1.608479318646339473e-01 3.457909900991616436e-01 -2.010596635074696770e-01 0.000000000000000000e+00 3.999954963790161022e-01 0.000000000000000000e+00 -1.770967752584562405e-07 -3.457909900991163465e-01 -2.010596635074696770e-01 0.000000000000000000e+00 0.000000000000000000e+00 0.000000000000000000e+00
1.572705985245411942e+00 8.000003999991999182e-01 1.999996000007999986e-01 1.599997600003200127e-01 6.000007999984000584e-01 -3.055443485523839909e-04 1.999990000037499549e-01 -3.819302447257395079e-04 0.000000000000000000e+00 1.999993646820204807e-01 0.000000000000000000e+00 -2.648000285230124422e-11 -1.999990000037499827e-01 -3.819302447257381526e-04 0.000000000000000000e+00 0.000000000000000000e+00 0.000000000000000000e+00
1.047196568052704224e+00 8.000000000000000444e-01 2.000000000000000111e-01 1.600000000000000311e-01 6.000000000000000888e-01 7.999999999999998779e-02 1.732046874999999819e-01 9.999999999999997780e-02 0.000000000000000000e+00 1.999996594296416519e-01 0.000000000000000000e+00 0.000000000000000000e+00 1.732046874999999819e-01 9.999999999999997780e-02 0.000000000000000000e+00 0.000000000000000000e+00 0.000000000000000000e+00
5.235997587421924448e-01 8.000000000000000444e-01 2.000000000000000111e-01 1.600000000000000311e-01 6.000000000000000888e-01 1.385637499999999855e-01 9.999999999999997780e-02 1.732046874999999819e-01 0.000000000000000000e+00 1.999996594296416519e-01 0.000000000000000000e+00 0.000000000000000000e+00 9.999999999999997780e-02 1.732046874999999819e-01 0.000000000000000000e+00 0.000000000000000000e+00 0.000000000000000000e+00
2.617992894847601004e+00 8.000000000000000444e-01 2.000000000000000111e-01 1.600000000000000311e-01 6.000000000000000888e-01 -1.385637499999999855e-01 9.999999999999997780e-02 -1.732046874999999819e-01 0.000000000000000000e+00 1.999996594296416519e-01 0.000000000000000000e+00 0.000000000000000000e+00 9.999999999999997780e-02 -1.732046874999999819e-01 0.000000000000000000e+00 0.000000000000000000e+00 0.000000000000000000e+00
2.094396085537089114e+00 8.000000000000000444e-01 2.000000000000000111e-01 1.600000000000000311e-01 6.000000000000000888e-01 -7.999999999999998779e-02 1.732046874999999819e-01 -9.999999999999997780e-02 0.000000000000000000e+00 1.999996594296416519e-01 0.000000000000000000e+00 0.000000000000000000e+00 1.732046874999999819e-01 -9.999999999999997780e-02 0.000000000000000000e+00 0.000000000000000000e+00 0.000000000000000000e+00
1.573142495583139677e+00 6.666686666566666863e-01 3.333313333433332581e-01 2.222215555548888721e-01 3.333373333133334282e-01 -9.384546911134024252e-04 5.999889001391984777e-01 -1.407677813657777846e-03 0.000000000000000000e+00 5.999905514648311566e-01 0.000000000000000000e+00 -1.954577110819882228e-10 -5.999889001391984777e-01 -1.407677813657776979e-03 0.000000000000000000e+00 0.000000000000000000e+00 0.000000000000000000e+00
1.049605975347682740e+00 6.666686666566666863e-01 3.333313333433332581e-01 2.222215555548888721e-01 3.333373333133334282e-01 1.991629072760747743e-01 5.203289247039258880e-01 2.987434646881992339e-01 0.000000000000000000e+00 5.999915395882287061e-01 0.000000000000000000e+00 -1.522271738801928009e-07 5.203289247039035725e-01 2.987434646881992339e-01 0.000000000000000000e+00 0.000000000000000000e+00 0.000000000000000000e+00
5.248799995564025211e-01 6.666686666566666863e-01 3.333313333433332581e-01 2.222215555548888721e-01 3.333373333133334282e-01 3.461488480547879609e-01 3.006604394141311198e-01 5.192217144248270078e-01 0.000000000000000000e+00 5.999899070475727125e-01 0.000000000000000000e+00 4.929018072308277709e-07 -3.006604394137269987e-01 5.192217144248270078e-01 0.000000000000000000e+00 0.000000000000000000e+00 0.000000000000000000e+00
2.619652604926635320e+00 6.666686666566666863e-01 3.333313333433332581e-01 2.222215555548888721e-01 3.333373333133334282e-01 -3.467367048146159925e-01 2.991327138575229361e-01 -5.201034969192347424e-01 0.000000000000000000e+00 5.999900232565398284e-01 0.000000000000000000e+00 -2.309623022556106520e-07 -2.991327138574337852e-01 -5.201034969192347424e-01 0.000000000000000000e+00 0.000000000000000000e+00 0.000000000000000000e+00
2.096710335793908531e+00 6.666686666566666863e-01 3.333313333433332581e-01 2.222215555548888721e-01 3.333373333133334282e-01 -2.007990550189131251e-01 5.189114473836342611e-01 -3.011976789398508325e-01 0.000000000000000000e+00 5.999909432854230174e-01 0.000000000000000000e+00 -5.390057575271889334e-08 5.189114473836314856e-01 -3.011976789398508325e-01 0.000000000000000000e+00 0.000000000000000000e+00 0.000000000000000000e+00
1.572835061891886932e+00 6.666689999860000437e-01 3.333310000139999008e-01 2.222214444436666769e-01 3.333379999720001430e-01 -5.436526405914560113e-04 3.999906501415481652e-01 -8.154761067379354220e-04 0.000000000000000000e+00 3.999914814117159767e-01 0.000000000000000000e+00 1.101604872182386161e-10 3.999906501415482207e-01 -8.154761067379354220e-04 0.000000000000000000e+00 0.000000000000000000e+00 0.000000000000000000e+00
1.048753439330762482e+00 6.666689999860000437e-01 3.333310000139999008e-01 2.222214444436666769e-01 3.333379999720001430e-01 1.329716330800920221e-01 3.467139124043763232e-01 1.994567515256962797e-01 0.000000000000000000e+00 3.999919158982251921e-01 0.000000000000000000e+00 4.421937609133674840e-08 -3.467139124043734921e-01 1.994567515256963075e-01 0.000000000000000000e+00 0.000000000000000000e+00 0.000000000000000000e+00
5.242887173075123641e-01 6.666689999860000437e-01 3.333310000139999008e-01 2.222214444436666769e-01 3.333379999720001430e-01 2.308439864363784899e-01 2.002347205234475402e-01 3.462647677351521902e-01 0.000000000000000000e+00 3.999915407577790405e-01 0.000000000000000000e+00 6.957013400504807876e-07 2.002347205222389237e-01 3.462647677351521902e-01 0.000000000000000000e+00 0.000000000000000000e+00 0.000000000000000000e+00
2.619094600033807563e+00 6.666689999860000437e-01 3.333310000139999008e-01 2.222214444436666769e-01 3.333379999720001430e-01 -2.310832326748314125e-01 1.996148573017234584e-01 -3.466236358368007808e-01 0.000000000000000000e+00 3.999925451509196983e-01 0.000000000000000000e+00 8.996539218875110322e-07 1.996148572996961079e-01 -3.466236358368008363e-01 0.000000000000000000e+00 0.000000000000000000e+00 0.000000000000000000e+00
2.095900416970918556e+00 6.666689999860000437e-01 3.333310000139999008e-01 2.222214444436666769e-01 3.333379999720001430e-01 -1.336786679652169074e-01 3.461019240322175117e-01 -2.005173001414857215e-01 0.000000000000000000e+00 3.999921617667444584e-01 0.000000000000000000e+00 -8.195104513053497186e-08 -3.461019240322077417e-01 -2.005173001414856659e-01 0.000000000000000000e+00 0.000000000000000000e+00 0.000000000000000000e+00
1.570796326794896558e+00 6.666670000000000096e-01 3.333329999999999904e-01 2.222221111109999869e-01 3.333340000000000192e-01 0.000000000000000000e+00 1.999998250001250033e-01 0.000000000000000000e+00 0.000000000000000000e+00 1.999998250001250033e-01 0.000000000000000000e+00 0.000000000000000000e+00 1.999998250001250033e-01 0.000000000000000000e+00 0.000000000000000000e+00 0.000000000000000000e+00 0.000000000000000000e+00
1.047197782317218939e+00 6.666670000000000096e-01 3.333329999999999904e-01 2.222221111109999869e-01 3.333340000000000192e-01 6.666656666671666454e-02 1.732048267951299125e-01 9.999980000017499870e-02 0.000000000000000000e+00 1.999996800627589777e-01 0.000000000000000000e+00 0.000000000000000000e+00 1.732048267951299125e-01 9.999980000017499870e-02 0.000000000000000000e+00 0.000000000000000000e+00 0.000000000000000000e+00
5.235985444776776188e-01 6.666670000000000096e-01 3.333329999999999904e-01 2.222221111109999869e-01 3.333340000000000192e-01 1.154699422650288798e-01 9.999980000017498483e-02 1.732048267951299125e-01 0.000000000000000000e+00 1.999996800627589777e-01 0.000000000000000000e+00 0.000000000000000000e+00 9.999980000017499870e-02 1.732048267951299125e-01 0.000000000000000000e+00 0.000000000000000000e+00 0.000000000000000000e+00
2.618525608886293821e+00 6.666683333266666400e-01 3.333316666733332490e-01 2.222216666661110951e-01 3.333366666533334466e-01 -1.155042591341381569e-01 9.990657621028847801e-02 -1.732559555630508730e-01 0.000000000000000000e+00 1.999973752530968540e-01 0.000000000000000000e+00 7.266180151489776140e-09 -9.990657621028821433e-02 -1.732559555630508452e-01 0.000000000000000000e+00 0.000000000000000000e+00 0.000000000000000000e+00
2.094394871272574399e+00 6.666670000000000096e-01 3.333329999999999904e-01 2.222221111109999869e-01 3.333340000000000192e-01 -6.666656666671666454e-02 1.732048267951299125e-01 -9.999980000017499870e-02 0.000000000000000000e+00 1.999996800627589777e-01 0.000000000000000000e+00 0.000000000000000000e+00 1.732048267951299125e-01 -9.999980000017499870e-02 0.000000000000000000e+00 0.000000000000000000e+00 0.000000000000000000e+00
1.574890390450616406e+00 6.666699999700003154e-01 3.333300000299997401e-01 2.222211111100001191e-01 3.333399999400005753e-01 -2.183446902391370740e-03 7.999718506313877597e-01 -3.275153977964546416e-03 0.000000000000000000e+00 7.999785549851863298e-01 0.000000000000000000e+00 -1.385685482807250124e-09 -7.999718506313877597e-01 -3.275153977964530803e-03 0.000000000000000000e+00 0.000000000000000000e+00 0.000000000000000000e+00
1.049795920374541724e+00 6.666699999700003154e-01 3.333300000299997401e-01 2.222211111100001191e-01 3.333399999400005753e-01 2.654594960087682809e-01 6.938378224049953635e-01 3.981872530948051825e-01 0.000000000000000000e+00 7.999775073881092435e-01 0.000000000000000000e+00 -1.442736112799991588e-07 -6.938378224049803755e-01 3.981872530948052935e-01 0.000000000000000000e+00 0.000000000000000000e+00 0.000000000000000000e+00
5.252733786665433335e-01 6.666699999700003154e-01 3.333300000299997401e-01 2.222211111100001191e-01 3.333399999400005753e-01 4.614219484759990997e-01 4.011480177769112809e-01 6.921294620978336587e-01 0.000000000000000000e+00 7.999768274582593763e-01 0.000000000000000000e+00 1.653840692450447847e-07 -4.011480177768771971e-01 6.921294620978336587e-01 0.000000000000000000e+00 0.000000000000000000e+00 0.000000000000000000e+00
2.620352280223463115e+00 6.666699999700003154e-01 3.333300000299997401e-01 2.222211111100001191e-01 3.333399999400005753e-01 -4.624969793224373293e-01 3.983535960212356564e-01 -6.937420003048725414e-01 0.000000000000000000e+00 7.999772187069176255e-01 0.000000000000000000e+00 3.573722616445618172e-08 -3.983535960212340465e-01 -6.937420003048725414e-01 0.000000000000000000e+00 0.000000000000000000e+00 0.000000000000000000e+00
2.097671260712927754e+00 6.666699999700003154e-01 3.333300000299997401e-01 2.222211111100001191e-01 3.333399999400005753e-01 -2.681722017541799952e-01 6.914866382385984611e-01 -4.022562913679145202e-01 0.000000000000000000e+00 7.999774339364746911e-01 0.000000000000000000e+00 2.498347068113915270e-08 6.914866382385979060e-01 -4.022562913679145202e-01 0.000000000000000000e+00 0.000000000000000000e+00 0.000000000000000000e+00
1.572028507413621989e+00 5.000044999595004702e-01 4.999955000404996963e-01 2.499999999797503925e-01 8.999919000773902138e-06 -4.928591896499038595e-04 7.999712007775814371e-01 -9.857095079940775533e-04 0.000000000000000000e+00 7.999718080637338025e-01 0.000000000000000000e+00 5.967457578429091747e-10 7.999712007775813261e-01 -9.857095079941666747e-04 0.000000000000000000e+00 0.000000000000000000e+00 0.000000000000000000e+00
1.047908732304384749e+00 5.000044999595004702e-01 4.999955000404996963e-01 2.499999999797503925e-01 8.999919000773902138e-06 1.997480170978039316e-01 6.930790489296898560e-01 3.994924387960173129e-01 0.000000000000000000e+00 7.999704849058325573e-01 0.000000000000000000e+00 1.108679971717485557e-07 6.930790489296808632e-01 3.994924387960173129e-01 0.000000000000000000e+00 0.000000000000000000e+00 0.000000000000000000e+00
5.241006565573006482e-01 5.000044999595004702e-01 4.999955000404996963e-01 2.499999999797503925e-01 8.999919000773902138e-06 3.463006830913702427e-01 4.003335878611350429e-01 6.925951328826441822e-01 0.000000000000000000e+00 7.999718742946508865e-01 0.000000000000000000e+00 -7.010698144238602936e-08 4.003335878611288812e-01 6.925951328826441822e-01 0.000000000000000000e+00 0.000000000000000000e+00 0.000000000000000000e+00
2.618847441463443726e+00 5.000044999595004702e-01 4.999955000404996963e-01 2.499999999797503925e-01 8.999919000773902138e-06 -3.465713139471088833e-01 3.993940216858692382e-01 -6.931363897228537407e-01 0.000000000000000000e+00 7.999710240480241152e-01 0.000000000000000000e+00 -2.069502875179374257e-07 -3.993940216858156145e-01 -6.931363897228537407e-01 0.000000000000000000e+00 0.000000000000000000e+00 0.000000000000000000e+00
2.095426075702544466e+00 5.000044999595004702e-01 4.999955000404996963e-01 2.499999999797503925e-01 8.999919000773902138e-06 -2.003517494533847698e-01 6.923830739850043159e-01 -4.006998926401921790e-01 0.000000000000000000e+00 7.999717026887799287e-01 0.000000000000000000e+00 -5.713697771858594621e-09 6.923830739850044269e-01 -4.006998926401921790e-01 0.000000000000000000e+00 0.000000000000000000e+00 0.000000000000000000e+00
1.571825241128190109e+00 5.000044999595004702e-01 4.999955000404996963e-01 2.499999999797503925e-01 8.999919000773902138e-06 -3.086660748816255065e-04 5.999784005831860778e-01 -6.173265938739091064e-04 0.000000000000000000e+00 5.999787181713044371e-01 0.000000000000000000e+00 8.374260972030455816e-09 5.999784005831859668e-01 -6.173265938739091064e-04 0.000000000000000000e+00 0.000000000000000000e+00 0.000000000000000000e+00
1.048001813668584026e+00 5.000044999595004702e-01 4.999955000404996963e-01 2.499999999797503925e-01 8.999919000773902138e-06 1.497868520270422277e-01 5.198372856893932470e-01 2.995710079392780445e-01 0.000000000000000000e+00 5.999779932553116479e-01 0.000000000000000000e+00 3.309045843724600644e-07 -5.198372856892878868e-01 2.995710079392780445e-01 0.000000000000000000e+00 0.000000000000000000e+00 0.000000000000000000e+00
5.239477597485679983e-01 5.000004999994999144e-01 4.999995000004999191e-01 2.499999999997499778e-01 9.999989999953664452e-07 2.597550675323054836e-01 3.001807992756021504e-01 5.195096155555148920e-01 0.000000000000000000e+00 5.999989607560818339e-01 0.000000000000000000e+00 -2.693644835828623574e-09 3.001807992756021504e-01 5.195096155555148920e-01 0.000000000000000000e+00 0.000000000000000000e+00 0.000000000000000000e+00
2.618591409815894000e+00 4.999969999819998678e-01 5.000030000180001322e-01 2.499999999909998938e-01 -6.000036000264330482e-06 -2.599023512032951344e-01 2.996930825600653270e-01 -5.198078212722311298e-01 0.000000000000000000e+00 6.000154817683734931e-01 0.000000000000000000e+00 3.888610275448733944e-08 -2.996971926894681504e-01 -5.198078212722310187e-01 0.000000000000000000e+00 0.000000000000000000e+00 0.000000000000000000e+00
2.095260540311200792e+00 5.000044999595004702e-01 4.999955000404996963e-01 2.499999999797503925e-01 8.999919000773902138e-06 -1.502209040023307351e-01 5.193373036888020433e-01 -3.004391040770600929e-01 0.000000000000000000e+00 5.999790748529332252e-01 0.000000000000000000e+00 -1.265983939902071143e-08 -5.193373036888019323e-01 -3.004391040770600929e-01 0.000000000000000000e+00 0.000000000000000000e+00 0.000000000000000000e+00
1.571512769068287962e+00 5.000029999820000404e-01 4.999970000179999041e-01 2.499999999910000881e-01 5.999964000136248643e-06 -1.432859000379435826e-04 3.999904001727974112e-01 -2.865700806657196439e-04 0.000000000000000000e+00 3.999905028282618180e-01 0.000000000000000000e+00 -6.278800247062161707e-10 3.999904001727973557e-01 -2.865700806657196982e-04 0.000000000000000000e+00 0.000000000000000000e+00 0.000000000000000000e+00
1.047314522288278260e+00 5.000029999820000404e-01 4.999970000179999041e-01 2.499999999910000881e-01 5.999964000136248643e-06 9.997795317772759094e-02 3.464252857432580379e-01 1.999547066344137258e-01 0.000000000000000000e+00 3.999904540205334036e-01 0.000000000000000000e+00 -2.609127169525549128e-08 -3.464252857432570387e-01 1.999547066344137536e-01 0.000000000000000000e+00 0.000000000000000000e+00 0.000000000000000000e+00
5.236764072046425911e-01 5.000029999820000404e-01 4.999970000179999041e-01 2.499999999910000881e-01 5.999964000136248643e-06 1.731941201028185107e-01 2.000219994432104187e-01 3.463861619011354698e-01 0.000000000000000000e+00 3.999902166526817515e-01 0.000000000000000000e+00 -8.306321417142492614e-09 -2.000219994432102522e-01 3.463861619011354698e-01 0.000000000000000000e+00 0.000000000000000000e+00 0.000000000000000000e+00
2.618221378000883615e+00 5.000029999820000404e-01 4.999970000179999041e-01 2.499999999910000881e-01 5.999964000136248643e-06 -1.732247199067501187e-01 1.999164019775647172e-01 -3.464473611418054655e-01 0.000000000000000000e+00 3.999904271626707475e-01 0.000000000000000000e+00 -4.409082082074133879e-09 1.999164019775646339e-01 -3.464473611418054100e-01 0.000000000000000000e+00 0.000000000000000000e+00 0.000000000000000000e+00
2.095079390945858933e+00 5.000029999820000404e-01 4.999970000179999041e-01 2.499999999910000881e-01 5.999964000136248643e-06 -1.001166901582818958e-01 3.462648895927894488e-01 -2.002321789306985567e-01 0.000000000000000000e+00 3.999903739392260960e-01 0.000000000000000000e+00 3.422941594055650683e-08 -3.462648895927877279e-01 -2.002321789306985567e-01 0.000000000000000000e+00 0.000000000000000000e+00 0.000000000000000000e+00
1.570796326794896558e+00 5.000000000000000000e-01 5.000000000000000000e-01 2.500000000000000000e-01 0.000000000000000000e+00 0.000000000000000000e+00 2.000000000000000111e-01 0.000000000000000000e+00 0.000000000000000000e+00 2.000000000000000111e-01 0.000000000000000000e+00 0.000000000000000000e+00 2.000000000000000111e-01 0.000000000000000000e+00 0.000000000000000000e+00 0.000000000000000000e+00 0.000000000000000000e+00
1.047499481762432350e+00 5.000029999880000187e-01 4.999970000119999258e-01 2.499999999910000326e-01 5.999976000092832606e-06 4.997313112582826150e-02 1.732317353479698452e-01 9.994566258007973880e-02 0.000000000000000000e+00 1.999959239590652915e-01 0.000000000000000000e+00 -2.451847554846287025e-09 -1.732317353479698452e-01 9.994566258007973880e-02 0.000000000000000000e+00 0.000000000000000000e+00 0.000000000000000000e+00
5.237673801822767539e-01 5.000029999880000187e-01 4.999970000119999258e-01 2.499999999910000326e-01 5.999976000092832606e-06 8.659289510019443914e-02 1.000271994460099900e-01 1.731847510960387304e-01 0.000000000000000000e+00 1.999959965629530823e-01 0.000000000000000000e+00 -1.814273523081944006e-08 1.000271994460083386e-01 1.731847510960387027e-01 0.000000000000000000e+00 0.000000000000000000e+00 0.000000000000000000e+00
2.618188345868612821e+00 5.000029999880000187e-01 4.999970000119999258e-01 2.499999999910000326e-01 5.999976000092832606e-06 -8.661112297382905778e-02 9.996440070198953087e-02 -1.732212066245756577e-01 0.000000000000000000e+00 1.999961695437736386e-01 0.000000000000000000e+00 3.051995321398659478e-09 -9.996440070198950312e-02 -1.732212066245756299e-01 0.000000000000000000e+00 0.000000000000000000e+00 0.000000000000000000e+00
2.094394804285568679e+00 5.000000000000000000e-01 5.000000000000000000e-01 2.500000000000000000e-01 0.000000000000000000e+00 -5.000000000000000278e-02 1.732052000000000036e-01 -1.000000000000000056e-01 0.000000000000000000e+00 2.000001032675733648e-01 0.000000000000000000e+00 0.000000000000000000e+00 1.732052000000000036e-01 -1.000000000000000056e-01 0.000000000000000000e+00 0.000000000000000000e+00 0.000000000000000000e+00
